/*--------------------------------*- C++ -*----------------------------------*\
| =========                 |                                                 |
| \\      /  F ield         | OpenFOAM Extend Project: Open source CFD        |
|  \\    /   O peration     | Version:  1.6-ext                               |
|   \\  /    A nd           | Web:      www.extend-project.de                 |
|    \\/     M anipulation  |                                                 |
\*---------------------------------------------------------------------------*/
FoamFile
{
    version     2.0;
    format      ascii;
    class       volVectorField;
    location    "0";
    object      U;
}
// * * * * * * * * * * * * * * * * * * * * * * * * * * * * * * * * * * * * * //

dimensions      [0 1 -1 0 0 0 0];

internalField   nonuniform List<vector> 
2675
(
(1.001621845 -0.001623466868 0)
(1.004956967 -0.001714989898 0)
(1.008571017 -0.001902674967 0)
(1.012665533 -0.002195934754 0)
(1.017465878 -0.002609211073 0)
(1.023231641 -0.003162317118 0)
(1.030267724 -0.003880802321 0)
(1.038936087 -0.004796229095 0)
(1.049667754 -0.005946169771 0)
(1.062974215 -0.00737359789 0)
(1.079456472 -0.009125140821 0)
(1.099808615 -0.01124735397 0)
(1.124810764 -0.01377979754 0)
(1.155303513 -0.01674344454 0)
(1.192133657 -0.02012352914 0)
(1.236062591 -0.02384933429 0)
(1.287643918 -0.02778357378 0)
(1.347122849 -0.03175483582 0)
(1.414493574 -0.03568326042 0)
(1.489728247 -0.0396266474 0)
(1.570692828 -0.04141889825 0)
(1.653297717 -0.04126859572 0)
(1.715354981 -0.02085072517 0)
(1.759767164 -0.02360586992 0)
(1.78320212 0.0001474788438 0)
(1.783204841 -0.0001502020402 0)
(1.759775678 0.02360279329 0)
(1.71537044 0.02084685019 0)
(1.653322198 0.04126344034 0)
(1.570729111 0.0414122402 0)
(1.489779522 0.03961829794 0)
(1.414563788 0.03567265133 0)
(1.347216905 0.03174157907 0)
(1.287767753 0.02776702225 0)
(1.236223647 0.02382862734 0)
(1.192341346 0.02009755668 0)
(1.155569782 0.01671077883 0)
(1.12515081 0.01373861195 0)
(1.100241787 0.01119531972 0)
(1.080007408 0.00905929366 0)
(1.06367428 0.007290167667 0)
(1.050556867 0.005840362873 0)
(1.040065044 0.004661952221 0)
(1.031701142 0.003710313349 0)
(1.025051695 0.00294578283 0)
(1.019777038 0.002334148898 0)
(1.015600555 0.001846511148 0)
(1.012298521 0.001458823972 0)
(1.009690995 0.001151310285 0)
(1.007633892 0.0009078496873 0)
(1.006012267 0.000715396596 0)
(1.004734694 0.0005634539805 0)
(1.003728632 0.000443614499 0)
(1.002936639 0.0003491704634 0)
(1.002313305 0.0002747865934 0)
(1.001822779 0.0002162299047 0)
(1.001436787 0.000170148465 0)
(1.001133049 0.0001338925806 0)
(1.000894025 0.0001053705753 0)
(1.00070591 8.293280228e-05 0)
(1.000557846 6.527942739e-05 0)
(1.000441296 5.138663234e-05 0)
(1.000349553 4.044840303e-05 0)
(1.000277346 3.183048169e-05 0)
(1.000220539 2.503336887e-05 0)
(1.000175887 1.966371932e-05 0)
(1.000140847 1.54116498e-05 0)
(1.00011343 1.203218894e-05 0)
(1.000092088 9.331277762e-06 0)
(1.000075619 7.154542102e-06 0)
(1.000063098 5.378258688e-06 0)
(1.000053828 3.901857176e-06 0)
(1.00004729 2.642186374e-06 0)
(1.000043123 1.529053478e-06 0)
(1.000041095 5.004995761e-07 0)
(1.001525381 -0.004773839817 0)
(1.004662759 -0.005043589004 0)
(1.008064498 -0.005596881567 0)
(1.011922032 -0.00646172964 0)
(1.016450113 -0.007681170901 0)
(1.02189715 -0.009314370108 0)
(1.028556467 -0.01143784424 0)
(1.036778536 -0.01414651011 0)
(1.046984079 -0.01755403665 0)
(1.059677502 -0.02179161424 0)
(1.075459511 -0.02700365456 0)
(1.095036594 -0.03333799553 0)
(1.119222962 -0.04092686135 0)
(1.14892708 -0.04985344526 0)
(1.185109675 -0.06009927923 0)
(1.228695353 -0.07147571127 0)
(1.280426781 -0.0835732644 0)
(1.3406922 -0.09582923898 0)
(1.409498812 -0.1079223723 0)
(1.487681164 -0.1209579777 0)
(1.573808409 -0.1273464863 0)
(1.665107005 -0.1294183957 0)
(1.730270784 -0.06004918876 0)
(1.780016944 -0.07865990767 0)
(1.806191088 0.005542807382 0)
(1.806193431 -0.005550599362 0)
(1.78002432 0.07865106141 0)
(1.730284286 0.06003799977 0)
(1.66512878 0.1294032427 0)
(1.573841364 0.1273268224 0)
(1.487728333 0.1209333975 0)
(1.409563968 0.1078910307 0)
(1.340780007 0.09579017513 0)
(1.280542746 0.08352452583 0)
(1.228846448 0.07141476726 0)
(1.18530472 0.06002287075 0)
(1.149177271 0.0497573763 0)
(1.119542548 0.04080576282 0)
(1.095443725 0.03318502305 0)
(1.075977298 0.02681009667 0)
(1.060335376 0.0215463903 0)
(1.047819505 0.01724305778 0)
(1.037839191 0.01375186653 0)
(1.029903015 0.01093677658 0)
(1.023606759 0.008677967655 0)
(1.018620914 0.006872727536 0)
(1.014678774 0.005434673898 0)
(1.011565709 0.004292174733 0)
(1.009109791 0.003386467975 0)
(1.007173822 0.002669757019 0)
(1.005648656 0.002103426722 0)
(1.004447682 0.001656449339 0)
(1.003502312 0.001304003169 0)
(1.002758319 0.001026302826 0)
(1.002172893 0.0008076233248 0)
(1.001712267 0.0006354960567 0)
(1.001349837 0.0005000533873 0)
(1.001064652 0.0003934983405 0)
(1.000840227 0.0003096775665 0)
(1.000663593 0.0002437395573 0)
(1.000524555 0.0001918624269 0)
(1.000415098 0.0001510365777 0)
(1.000328924 0.0001188929531 0)
(1.00026109 9.356727455e-05 0)
(1.000207712 7.359188849e-05 0)
(1.000165745 5.781096862e-05 0)
(1.000132804 4.531359811e-05 0)
(1.000107024 3.53801166e-05 0)
(1.00008695 2.744044512e-05 0)
(1.000071456 2.104108843e-05 0)
(1.000059674 1.581828743e-05 0)
(1.000050948 1.147663477e-05 0)
(1.000044793 7.772060243e-06 0)
(1.00004087 4.497798124e-06 0)
(1.000038961 1.472162087e-06 0)
(1.001337447 -0.007639530249 0)
(1.004089435 -0.008073153969 0)
(1.007076952 -0.008962961461 0)
(1.010471352 -0.01035483643 0)
(1.014466145 -0.01231946061 0)
(1.01928714 -0.014954381 0)
(1.025203862 -0.0183864472 0)
(1.032542542 -0.02277421741 0)
(1.041700949 -0.02830964384 0)
(1.053165207 -0.03521784533 0)
(1.067528538 -0.04375290866 0)
(1.085511323 -0.05418617045 0)
(1.107980535 -0.06678092115 0)
(1.135962851 -0.08174350635 0)
(1.170636294 -0.0991361113 0)
(1.213265912 -0.1187403909 0)
(1.265038089 -0.1399156934 0)
(1.326826218 -0.1616624111 0)
(1.398833726 -0.1830441342 0)
(1.482663232 -0.208010086 0)
(1.582391555 -0.2263358025 0)
(1.685076634 -0.2246067372 0)
(1.759269156 -0.1043565042 0)
(1.823406347 -0.1483498267 0)
(1.855579103 0.01682747887 8.772245671e-35)
(1.855580668 -0.01683918307 9.096451368e-35)
(1.823411467 0.1483362953 0)
(1.759278768 0.1043393717 0)
(1.685092999 0.2245824867 0)
(1.582417908 0.2263040488 0)
(1.482702355 0.2079705833 0)
(1.398889093 0.1829934501 0)
(1.32690194 0.161599641 0)
(1.265138804 0.1398374578 0)
(1.213397707 0.1186426671 0)
(1.170806837 0.09901370157 0)
(1.136181883 0.08158970039 0)
(1.108260467 0.06658713337 0)
(1.085867976 0.05394145875 0)
(1.067982069 0.04344334714 0)
(1.053741294 0.0348257198 0)
(1.042432289 0.02781242886 0)
(1.033470765 0.02214327518 0)
(1.026381957 0.01758537728 0)
(1.020782543 0.01393693172 0)
(1.016364668 0.01102688854 0)
(1.01288217 0.008712574949 0)
(1.010138937 0.006876427501 0)
(1.007979198 0.005422488191 0)
(1.006279518 0.004273021722 0)
(1.004942275 0.003365433326 0)
(1.00389038 0.002649564545 0)
(1.003063031 0.002085380268 0)
(1.002412316 0.001641027222 0)
(1.001900512 0.001291227234 0)
(1.001497931 0.001015961654 0)
(1.001181224 0.0007994041252 0)
(1.000932031 0.0006290593321 0)
(1.000735921 0.0004950724806 0)
(1.000581552 0.0003896782155 0)
(1.000460014 0.0003067614015 0)
(1.000364306 0.0002415084643 0)
(1.00028893 0.0001901315855 0)
(1.00022957 0.0001496502237 0)
(1.000182839 0.0001177187055 0)
(1.000146078 9.248996609e-05 0)
(1.000117208 7.250789472e-05 0)
(1.000094599 5.66227839e-05 0)
(1.000076984 4.392375572e-05 0)
(1.00006338 3.368606636e-05 0)
(1.000053029 2.532845718e-05 0)
(1.000045359 1.837891028e-05 0)
(1.000039947 1.244767774e-05 0)
(1.000036496 7.204189083e-06 0)
(1.000034816 2.358059683e-06 0)
(1.001067938 -0.01004732064 0)
(1.003266923 -0.01062128779 0)
(1.005659029 -0.01179982994 0)
(1.008385875 -0.01364533513 0)
(1.011609173 -0.01625427136 0)
(1.015520382 -0.01976050584 0)
(1.020352024 -0.02433943446 0)
(1.026391273 -0.03021253779 0)
(1.033996477 -0.03765169749 0)
(1.043617467 -0.04698212588 0)
(1.055820848 -0.0585819059 0)
(1.071321951 -0.07287454626 0)
(1.09102586 -0.09030783918 0)
(1.11607961 -0.1113056905 0)
(1.147929676 -0.1361639594 0)
(1.188333755 -0.1648292731 0)
(1.239159157 -0.1965269881 0)
(1.302143797 -0.2299486583 0)
(1.381113927 -0.2658865018 0)
(1.476779367 -0.3048421596 0)
(1.600771766 -0.3534481725 0)
(1.703365892 -0.3029788506 0)
(1.797350478 -0.1943296761 0)
(1.896821052 -0.2221480277 0)
(1.940901809 0.0142959129 -1.376646337e-36)
(1.940902147 -0.01430952229 1.377956873e-36)
(1.896822794 0.2221314383 0)
(1.797354324 0.1943089987 0)
(1.703374203 0.3029469148 0)
(1.600788184 0.3534059922 0)
(1.476806777 0.3047892966 0)
(1.381155535 0.2658187057 0)
(1.302202389 0.2298656249 0)
(1.239238181 0.1964235451 0)
(1.188438105 0.1647002934 0)
(1.148065379 0.1360026352 0)
(1.116254334 0.1111032014 0)
(1.091249402 0.09005290638 0)
(1.071606815 0.07255279926 0)
(1.056182982 0.05817505613 0)
(1.044077205 0.04646690942 0)
(1.034579727 0.03699852822 0)
(1.027131043 0.02938379432 0)
(1.021290354 0.02328728472 0)
(1.016710822 0.01842414909 0)
(1.013119931 0.01455644604 0)
(1.010303842 0.01148790354 0)
(1.008094917 0.009058208671 0)
(1.006361817 0.007137438429 0)
(1.005001675 0.005620953662 0)
(1.003933925 0.004424899411 0)
(1.003095462 0.003482346238 0)
(1.00243685 0.002740046262 0)
(1.001919348 0.00215574636 0)
(1.001512591 0.001695988374 0)
(1.001192771 0.00133432298 0)
(1.000941219 0.001049869725 0)
(1.000743291 0.0008261623082 0)
(1.000587496 0.0006502267801 0)
(1.000464818 0.0005118473056 0)
(1.000368183 0.000402983926 0)
(1.000292038 0.000317311437 0)
(1.000232023 0.0002498541964 0)
(1.000184719 0.0001966981814 0)
(1.000147442 0.0001547639166 0)
(1.000118086 0.0001216266889 0)
(1.000095005 9.537533175e-05 0)
(1.000076908 7.450109203e-05 0)
(1.000062791 5.78087129e-05 0)
(1.000051875 4.434685028e-05 0)
(1.000043559 3.335259717e-05 0)
(1.000037391 2.420670158e-05 0)
(1.000033035 1.639763536e-05 0)
(1.000030255 9.4915805e-06 0)
(1.000028902 3.107037954e-06 0)
(1.000731432 -0.01184849034 0)
(1.002239382 -0.01253075996 0)
(1.003885698 -0.01393281803 0)
(1.005773244 -0.01613135336 0)
(1.008021733 -0.01924551182 0)
(1.010776361 -0.02344176812 0)
(1.014218528 -0.02894025486 0)
(1.018579447 -0.03602228614 0)
(1.024157695 -0.0450385837 0)
(1.031342024 -0.05641736449 0)
(1.040641337 -0.07067086353 0)
(1.052724818 -0.08839775855 0)
(1.068477504 -0.110276678 0)
(1.089082314 -0.1370410705 0)
(1.116154787 -0.1694100407 0)
(1.151948147 -0.2078568275 0)
(1.199116074 -0.2515907561 0)
(1.256623244 -0.2954971928 0)
(1.329195926 -0.3520323214 0)
(1.398897564 -0.384228785 0)
(1.50813696 -0.5075265742 0)
(1.767479931 -0.2880779818 0)
(1.959096677 -0.3882967149 4.451755242e-21)
(1.937860679 -0.3783919017 3.435811441e-21)
(2.139854743 -0.03489456241 -8.325098686e-23)
(2.13985353 0.0348811653 -1.767620335e-21)
(1.937855995 0.3783727358 9.250714307e-25)
(1.959090146 0.3882756721 -4.451861387e-21)
(1.767476784 0.288038564 0)
(1.508139886 0.5074765414 0)
(1.398910167 0.3841630846 0)
(1.329221137 0.3519505294 0)
(1.256660903 0.295398695 0)
(1.199168293 0.2514677493 0)
(1.152018575 0.2077038335 0)
(1.116247452 0.1692190882 0)
(1.089202328 0.1368017732 0)
(1.068631417 0.1099757532 0)
(1.052921026 0.08801828373 0)
(1.040890579 0.0701913053 0)
(1.031658021 0.05581033362 0)
(1.024557955 0.04426924551 0)
(1.0190863 0.03504633709 0)
(1.014860447 0.02770134961 0)
(1.011589663 0.02186825144 0)
(1.009052753 0.01724627189 0)
(1.007081141 0.01359056662 0)
(1.005546056 0.01070329973 0)
(1.004348871 0.008425562577 0)
(1.003413826 0.006630311769 0)
(1.002682561 0.005216355593 0)
(1.002109994 0.004103330333 0)
(1.001661214 0.003227561743 0)
(1.001309124 0.0025386927 0)
(1.00103265 0.001996956478 0)
(1.000815375 0.001570986354 0)
(1.000644491 0.0012360645 0)
(1.000509993 0.0009727268632 0)
(1.000404056 0.0007656555271 0)
(1.000320559 0.0006028001334 0)
(1.000254703 0.000474684332 0)
(1.00020273 0.0003738572613 0)
(1.000161693 0.000294460472 0)
(1.000129282 0.0002318874447 0)
(1.000103682 0.0001825146023 0)
(1.000083474 0.0001434894394 0)
(1.000067543 0.0001125641071 0)
(1.000055019 8.796379649e-05 0)
(1.000045222 6.828303853e-05 0)
(1.000037627 5.240298424e-05 0)
(1.000031827 3.942603106e-05 0)
(1.000027515 2.86239565e-05 0)
(1.000024463 1.939496755e-05 0)
(1.000022514 1.122864321e-05 0)
(1.000021564 3.676034102e-06 0)
(1.000346793 -0.0129277933 0)
(1.00106407 -0.01367890963 0)
(1.001854569 -0.01522391974 0)
(1.002774517 -0.01765055379 0)
(1.003892237 -0.021095886 0)
(1.005295062 -0.02575300444 0)
(1.007098629 -0.0318799979 0)
(1.009459659 -0.03981121483 0)
(1.012593619 -0.04997057432 0)
(1.016798987 -0.06288646062 0)
(1.022490338 -0.07920742225 0)
(1.030243126 -0.09971730592 0)
(1.040853202 -0.1253462552 0)
(1.055408687 -0.1571669489 0)
(1.07536218 -0.1963571539 0)
(1.102738979 -0.244143044 0)
(1.141617425 -0.3014369582 0)
(1.19567165 -0.357323948 0)
(1.295652227 -0.4629313782 0)
(1.489284509 -0.3977183578 8.262597463e-21)
(1.579459535 -0.6050941853 5.634027738e-21)
(1.816933454 -0.4930941714 -6.360407124e-21)
(0 0 0)
(0 0 0)
(0 0 0)
(0 0 0)
(0 0 0)
(0 0 0)
(1.816919728 0.4930583924 1.469039219e-20)
(1.579442878 0.6050389482 4.514791738e-21)
(1.489285365 0.397635244 1.297538075e-20)
(1.29565669 0.4628396039 0)
(1.195683643 0.3572154348 0)
(1.141638326 0.3013004736 0)
(1.102770847 0.243974324 0)
(1.075406281 0.1961474229 0)
(1.055467027 0.1569048006 0)
(1.0409286 0.1250171731 0)
(1.030339321 0.09930283374 0)
(1.022612185 0.07868409556 0)
(1.016952734 0.06222444445 0)
(1.012787274 0.04913192623 0)
(1.009703468 0.03874767289 0)
(1.007405695 0.03053016378 0)
(1.005682152 0.02403875856 0)
(1.004380836 0.01891782894 0)
(1.003392204 0.01488221348 0)
(1.002636838 0.0117043947 0)
(1.002056734 0.009203533824 0)
(1.001609198 0.007236304529 0)
(1.001262547 0.005689356256 0)
(1.000993094 0.004473191922 0)
(1.000782996 0.003517236681 0)
(1.000618729 0.002765891025 0)
(1.000489981 0.002175385477 0)
(1.000388848 0.001711283508 0)
(1.000309246 0.001346503727 0)
(1.000246474 0.001059755924 0)
(1.000196885 0.0008343069907 0)
(1.000157646 0.0006570079415 0)
(1.000126549 0.0005175269224 0)
(1.000101868 0.0004077452715 0)
(1.000082254 0.0003212832642 0)
(1.000066652 0.000253126694 0)
(1.000054233 0.000199331968 0)
(1.000044347 0.000156795694 0)
(1.000036487 0.0001230726838 0)
(1.000030253 9.623209045e-05 0)
(1.000025334 7.474507044e-05 0)
(1.000021487 5.739458958e-05 0)
(1.000018527 4.320415338e-05 0)
(1.00001631 3.138134586e-05 0)
(1.000014732 2.127119471e-05 0)
(1.000013719 1.231800163e-05 0)
(1.000013224 4.033161177e-06 0)
(0.9999365188 -0.01321138794 0)
(0.9998094627 -0.01398612668 0)
(0.999682993 -0.01558139592 0)
(0.999560632 -0.01809146229 0)
(0.9994514886 -0.02166456268 0)
(0.9993744701 -0.0265114596 0)
(0.9993649555 -0.03291738911 0)
(0.9994853724 -0.04125775272 0)
(0.9998416941 -0.05201780772 0)
(1.000608534 -0.06581640772 0)
(1.002066398 -0.08343383925 0)
(1.004657519 -0.1058451416 0)
(1.009079306 -0.1342653149 0)
(1.016474645 -0.1702206639 0)
(1.028830249 -0.2156448449 0)
(1.049489471 -0.2729394099 0)
(1.084379384 -0.3464827191 0)
(1.130678819 -0.4127322013 0)
(1.214049505 -0.5482734398 2.954347077e-21)
(1.269219911 -0.6661475965 0)
(1.467657329 -0.7701673249 4.117153851e-21)
(0 0 0)
(0 0 0)
(0 0 0)
(0 0 0)
(0 0 0)
(0 0 0)
(0 0 0)
(0 0 0)
(1.467624858 0.7701018385 -4.11757838e-21)
(1.269192683 0.6660686056 -5.047229091e-21)
(1.214034487 0.5481660212 7.039146589e-21)
(1.130664656 0.4126182387 0)
(1.084369053 0.3463389298 0)
(1.049481932 0.2727642222 0)
(1.028823769 0.2154282783 0)
(1.016468345 0.1699509172 0)
(1.009072241 0.1339275217 0)
(1.004648578 0.1054204404 0)
(1.002054252 0.08289827202 0)
(1.000591565 0.06513952802 0)
(0.9998179009 0.05116090609 0)
(0.9994522569 0.04017159207 0)
(0.9993193895 0.03153931637 0)
(0.9993125458 0.02476172242 0)
(0.9993683575 0.01944161515 0)
(0.9994503412 0.0152659819 0)
(0.999538344 0.01198865743 0)
(0.9996219338 0.009416281398 0)
(0.9996963281 0.007397072316 0)
(0.9997599228 0.005811927161 0)
(0.999812814 0.004567399796 0)
(0.9998559304 0.003590177131 0)
(0.9998905376 0.002822740012 0)
(0.9999179648 0.002219958756 0)
(0.9999394655 0.001746422001 0)
(0.9999561539 0.001374341667 0)
(0.9999689844 0.001081910122 0)
(0.9999787543 0.0008520112404 0)
(0.9999861186 0.0006712099838 0)
(0.9999916078 0.0005289587949 0)
(0.9999956476 0.0004169754942 0)
(0.9999985757 0.0003287552808 0)
(1.000000659 0.0002591872466 0)
(1.000002107 0.0002042532541 0)
(1.000003084 0.0001607917818 0)
(1.000003716 0.0001263120114 0)
(1.000004101 9.884737757e-05 0)
(1.000004315 7.684021227e-05 0)
(1.000004414 5.905050348e-05 0)
(1.000004442 4.448359649e-05 0)
(1.000004432 3.233164472e-05 0)
(1.000004405 2.192672921e-05 0)
(1.000004379 1.270211744e-05 0)
(1.000004364 4.159619629e-06 0)
(0.999525765 -0.012673134 0)
(0.9985523516 -0.01342281065 0)
(0.9975034079 -0.0149681232 0)
(0.9963263888 -0.01740405548 0)
(0.9949660203 -0.0208809881 0)
(0.9933645599 -0.02561487679 0)
(0.9914640282 -0.03190201567 0)
(0.9892120624 -0.0401394456 0)
(0.9865741631 -0.05085225562 0)
(0.9835565075 -0.06472889367 0)
(0.9802439324 -0.08266478712 0)
(0.9768526857 -0.1058132678 0)
(0.9737780867 -0.1356457241 0)
(0.9715934584 -0.1740561758 0)
(0.971125645 -0.2237090113 0)
(0.974880468 -0.2893137024 0)
(0.9895894991 -0.3797569697 0)
(1.022995371 -0.4592429626 0)
(1.026520481 -0.667755587 -5.322625753e-21)
(0 0 0)
(0 0 0)
(0 0 0)
(0 0 0)
(0 0 0)
(0 0 0)
(0 0 0)
(0 0 0)
(0 0 0)
(0 0 0)
(0 0 0)
(0 0 0)
(1.026480947 0.6676477158 -5.323110101e-21)
(1.022953842 0.4591280647 0)
(0.9895462114 0.3796120407 0)
(0.9748327678 0.2891412761 0)
(0.9710688918 0.2234976863 0)
(0.9715233687 0.173794357 0)
(0.9736897212 0.1353190629 0)
(0.9767400327 0.1054036242 0)
(0.9800995207 0.08214916088 0)
(0.9833709432 0.06407809463 0)
(0.9863355541 0.05002920189 0)
(0.9889053043 0.03909698609 0)
(0.9910699135 0.03058014878 0)
(0.9928586662 0.02393719902 0)
(0.9943173201 0.01875015855 0)
(0.9954955154 0.01469599931 0)
(0.9964405021 0.01152461744 0)
(0.9971944056 0.009041990681 0)
(0.9977933769 0.007097324081 0)
(0.9982676943 0.005573225326 0)
(0.9986423024 0.004378174919 0)
(0.9989375121 0.003440737518 0)
(0.9991697205 0.002705097273 0)
(0.9993520797 0.002127605334 0)
(0.9994950867 0.001674103129 0)
(0.9996070874 0.001317842774 0)
(0.9996946967 0.001037868757 0)
(0.9997631451 0.000817756067 0)
(0.9998165596 0.0006446256836 0)
(0.9998581912 0.000508375081 0)
(0.9998905972 0.0004010770032 0)
(0.9999157865 0.0003165082267 0)
(0.9999353355 0.0002497803882 0)
(0.9999504792 0.000197051606 0)
(0.999962184 0.0001552993105 0)
(0.9999712048 0.0001221420642 0)
(0.9999781299 9.569975498e-05 0)
(0.9999834159 7.448274327e-05 0)
(0.9999874156 5.730484916e-05 0)
(0.999990399 4.321447069e-05 0)
(0.9999925701 3.143827535e-05 0)
(0.9999940784 2.133663068e-05 0)
(0.9999950286 1.236671775e-05 0)
(0.9999954875 4.050896812e-06 0)
(0.9991409553 -0.01133852099 0)
(0.9973736886 -0.01201400283 0)
(0.9954564306 -0.01340776326 0)
(0.9932809578 -0.01560857105 0)
(0.9907266225 -0.01875785406 0)
(0.9876553738 -0.02306062897 0)
(0.9839072191 -0.02880192838 0)
(0.9792972413 -0.03637072734 0)
(0.973616937 -0.04629445209 0)
(0.9666465327 -0.05928864924 0)
(0.9581940023 -0.07632816089 0)
(0.9481961334 -0.09874738933 0)
(0.9369488365 -0.1283753848 0)
(0.9255186327 -0.1676980682 0)
(0.9159135147 -0.2199841146 0)
(0.9083451483 -0.2892212421 0)
(0.8879668123 -0.3741744558 0)
(0.8079026903 -0.5398467094 -8.967938013e-21)
(0.9151734339 -0.7199062361 -4.892196922e-21)
(0 0 0)
(0 0 0)
(0 0 0)
(0 0 0)
(0 0 0)
(0 0 0)
(0 0 0)
(0 0 0)
(0 0 0)
(0 0 0)
(0 0 0)
(0 0 0)
(0.915118839 0.7198034734 3.69943885e-21)
(0.8078590753 0.5397291601 2.98934855e-21)
(0.8878995551 0.3740378698 0)
(0.9082620828 0.2890607139 0)
(0.915811028 0.2197893943 0)
(0.9253901357 0.1674590309 0)
(0.9367856738 0.1280789366 0)
(0.9479877575 0.09837710289 0)
(0.9579273007 0.07586335201 0)
(0.9663049609 0.05870317174 0)
(0.9731794785 0.04555515713 0)
(0.9787371306 0.03543550124 0)
(0.9831903448 0.02761719231 0)
(0.9867382635 0.02155814741 0)
(0.9895538919 0.01685065353 0)
(0.9917820825 0.01318571214 0)
(0.9935416633 0.01032763243 0)
(0.9949289064 0.008095687979 0)
(0.9960211713 0.006350699393 0)
(0.9968802658 0.004985104625 0)
(0.9975553674 0.003915536334 0)
(0.9980854817 0.003077226784 0)
(0.9985014726 0.002419760414 0)
(0.9988277162 0.001903830843 0)
(0.9990834356 0.001498752484 0)
(0.9992837723 0.001180543641 0)
(0.9994406415 0.0009304448926 0)
(0.9995634114 0.0007337704487 0)
(0.9996594429 0.0005790158879 0)
(0.999734516 0.0004571635045 0)
(0.9997931666 0.0003611409211 0)
(0.9998389525 0.0002853980342 0)
(0.9998746625 0.0002255763767 0)
(0.9999024807 0.0001782507608 0)
(0.9999241163 0.0001407264005 0)
(0.9999409048 0.0001108798763 0)
(0.9999538875 8.703428383e-05 0)
(0.9999638737 6.786066148e-05 0)
(0.9999714891 5.23002373e-05 0)
(0.9999772132 3.950289586e-05 0)
(0.9999814079 2.877765345e-05 0)
(0.99998434 1.955250609e-05 0)
(0.9999861962 1.134148281e-05 0)
(0.9999870955 3.716596739e-06 0)
(0.9988079931 -0.00928541837 0)
(0.9963531046 -0.009840728064 0)
(0.9936813864 -0.01098747284 0)
(0.9906340098 -0.01280078928 0)
(0.9870298145 -0.01540094668 0)
(0.982654452 -0.01896347849 0)
(0.977247385 -0.02373470192 0)
(0.9704857387 -0.03005495811 0)
(0.9619635343 -0.03839351011 0)
(0.9511638639 -0.04940174645 0)
(0.9374190509 -0.06399552287 0)
(0.9198464229 -0.08348195992 0)
(0.8972296062 -0.1097428366 0)
(0.8678158241 -0.1454457865 0)
(0.8292925986 -0.1940599244 0)
(0.7800583972 -0.2582860619 0)
(0.7124760028 -0.3170609448 0)
(0.666017747 -0.4527928752 1.265050352e-21)
(0 0 0)
(0 0 0)
(0 0 0)
(0 0 0)
(0 0 0)
(0 0 0)
(0 0 0)
(0 0 0)
(0 0 0)
(0 0 0)
(0 0 0)
(0 0 0)
(0 0 0)
(0 0 0)
(0.665946128 0.4526919616 -2.155950598e-21)
(0.7123938481 0.3169432172 0)
(0.7799517135 0.258147053 0)
(0.8291554805 0.1938935903 0)
(0.8676394435 0.1452437011 0)
(0.8970032776 0.1094941347 0)
(0.919556351 0.08317299248 0)
(0.9370476029 0.06360923658 0)
(0.9506885169 0.04891669433 0)
(0.9613555224 0.03778257006 0)
(0.9697083334 0.02928371472 0)
(0.9762537056 0.02275939381 0)
(0.9813846737 0.01772838025 0)
(0.9854076092 0.01383501818 0)
(0.988562008 0.01081337547 0)
(0.9910353921 0.008462771225 0)
(0.9929747196 0.006630652027 0)
(0.9944952142 0.005200363155 0)
(0.9956872385 0.004082270891 0)
(0.9966216658 0.003207231648 0)
(0.9973540857 0.002521734765 0)
(0.9979280999 0.00198425727 0)
(0.9983779069 0.001562507319 0)
(0.9987303292 0.001231326194 0)
(0.999006403 0.0009710830058 0)
(0.9992226254 0.0007664408126 0)
(0.9993919333 0.0006054046332 0)
(0.9995244704 0.0004785846043 0)
(0.9996281891 0.0003786241922 0)
(0.9997093234 0.0002997556009 0)
(0.9997727583 0.0002374532353 0)
(0.9998223211 0.0001881632058 0)
(0.9998610081 0.0001490921547 0)
(0.9998911639 0.0001180418196 0)
(0.9999146204 9.32792813e-05 0)
(0.9999328062 7.343520731e-05 0)
(0.999946832 5.742366044e-05 0)
(0.9999575567 4.437874952e-05 0)
(0.9999656388 3.360439341e-05 0)
(0.999971576 2.453413391e-05 0)
(0.9999757345 1.669842047e-05 0)
(0.9999783715 9.69776267e-06 0)
(0.9999796504 3.179944218e-06 0)
(0.9985501702 -0.006640939833 0)
(0.9955624072 -0.00703711246 0)
(0.9923046585 -0.007855692026 0)
(0.9885775639 -0.009151324456 0)
(0.9841510608 -0.01101168243 0)
(0.9787485395 -0.01356508101 0)
(0.9720266893 -0.01699205329 0)
(0.9635483831 -0.02154241435 0)
(0.9527440902 -0.02756023 0)
(0.9388540369 -0.03552061317 0)
(0.9208388977 -0.04608494397 0)
(0.8972453668 -0.06018521381 0)
(0.8660257494 -0.07914931222 0)
(0.8243244882 -0.1048531526 0)
(0.7681212914 -0.1398314094 0)
(0.6934247681 -0.1884599215 0)
(0.596046824 -0.204234683 -4.263514794e-21)
(0.5541228202 -0.3560278229 7.645482457e-21)
(0 0 0)
(0 0 0)
(0 0 0)
(0 0 0)
(0 0 0)
(0 0 0)
(0 0 0)
(0 0 0)
(0 0 0)
(0 0 0)
(0 0 0)
(0 0 0)
(0 0 0)
(0 0 0)
(0.5540612988 0.3559347382 -4.685842514e-21)
(0.5959601242 0.2041511383 -3.118926804e-21)
(0.6932987409 0.1883503514 0)
(0.7679573842 0.1397040191 0)
(0.8241115248 0.1047005305 0)
(0.8657507915 0.07896320137 0)
(0.8968921886 0.05995576087 0)
(0.9203864823 0.04579993714 0)
(0.9382753093 0.03516472294 0)
(0.952004349 0.0271141003 0)
(0.962603253 0.02098151773 0)
(0.9708194763 0.01628523378 0)
(0.9772068378 0.01267269236 0)
(0.9821824078 0.009883202026 0)
(0.9860638782 0.007722286525 0)
(0.9890951155 0.006043734128 0)
(0.9914643056 0.004736863 0)
(0.9933172069 0.003717383012 0)
(0.994767023 0.002920768715 0)
(0.995901855 0.00229740531 0)
(0.9967903756 0.001808999606 0)
(0.9974861809 0.001425903174 0)
(0.9980311404 0.001125100091 0)
(0.9984579884 0.0008886837801 0)
(0.9987923327 0.0007026970379 0)
(0.9990542148 0.000556244061 0)
(0.9992593262 0.000440807731 0)
(0.9994199548 0.0003497226329 0)
(0.9995457256 0.000277767189 0)
(0.9996441773 0.000220847036 0)
(0.999721215 0.0001757486259 0)
(0.9997814631 0.0001399472166 0)
(0.9998285414 0.0001114570132 0)
(0.9998652818 8.87138679e-05 0)
(0.9998938971 7.048340447e-05 0)
(0.9999161131 5.578890262e-05 0)
(0.9999332715 4.385451961e-05 0)
(0.9999464104 3.40604836e-05 0)
(0.9999563255 2.590740635e-05 0)
(0.9999636184 1.89878559e-05 0)
(0.9999687321 1.296320695e-05 0)
(0.9999719776 7.544560764e-06 0)
(0.9999735524 2.476600008e-06 0)
(0.9983860413 -0.0035740875 -3.845643146e-34)
(0.995058894 -0.003782739546 -3.832827441e-34)
(0.9914274168 -0.004213949866 -3.818839499e-34)
(0.9872660285 -0.004896695233 -3.802810415e-34)
(0.9823130734 -0.005877474013 0)
(0.9762520583 -0.007224289428 0)
(0.9686878666 -0.009032516992 0)
(0.9591153116 -0.01143303861 0)
(0.9468758737 -0.01460283122 0)
(0.9310951486 -0.01877756278 0)
(0.9105857874 -0.02426496945 0)
(0.8836857349 -0.0314611114 0)
(0.8480007849 -0.04090194257 0)
(0.8002174547 -0.05352644634 0)
(0.7371416378 -0.071759823 0)
(0.6573578682 -0.1018967347 0)
(0.5574895187 -0.1238636305 0)
(0.3830676843 -0.1767705138 -2.225643343e-22)
(0 0 0)
(0 0 0)
(0 0 0)
(0 0 0)
(0 0 0)
(0 0 0)
(0 0 0)
(0 0 0)
(0 0 0)
(0 0 0)
(0 0 0)
(0 0 0)
(0 0 0)
(0 0 0)
(0.3830089045 0.1767083946 -8.211473072e-22)
(0.5573950173 0.123799988 -1.68455374e-21)
(0.6572189152 0.1018244622 0)
(0.7369572267 0.07167855661 -2.838655981e-34)
(0.7999783653 0.05343153858 -3.081404577e-34)
(0.8476932483 0.04078868941 -1.632597811e-34)
(0.8832913231 0.03132406151 -3.345528319e-50)
(0.9100809145 0.02409746753 1.752752085e-34)
(0.9304496885 0.01857133393 0)
(0.946051312 0.01434749544 0)
(0.9580624152 0.01111550537 -1.845161094e-34)
(0.9673437224 0.00863621813 -1.863036242e-34)
(0.9745362877 0.006728201314 0)
(0.9801229837 0.005254864744 0)
(0.9844703943 0.004113514021 0)
(0.9878584952 0.003226748968 0)
(0.9905021571 0.002535983289 0)
(0.9925669469 0.001996654105 0)
(0.9941808637 0.001574700899 0)
(0.9954431338 0.001243973957 0)
(0.9964308505 0.0009843174061 0)
(0.9972040197 0.0007801419075 0)
(0.9978094167 0.0006193544485 0)
(0.9982835466 0.0004925505672 0)
(0.998654926 0.0003924008909 0)
(0.9989458485 0.0003131826751 7.69559889e-34)
(0.9991737529 0.0002504203796 7.697354602e-34)
(0.9993522863 0.0002006087764 0)
(0.999492132 0.0001609989785 0)
(0.9996016551 0.0001294324993 7.70065104e-34)
(0.9996874055 0.0001042122059 7.701311637e-34)
(0.9997545118 8.400189187e-05 0)
(0.9998069883 6.774795133e-05 0)
(0.9998479752 5.461793446e-05 7.702548621e-34)
(0.9998799262 4.395250472e-05 7.702794762e-34)
(0.9999047551 3.52278038e-05 0)
(0.9999239503 2.802564213e-05 0)
(0.999938663 2.201004667e-05 0)
(0.9999497761 1.690854856e-05 0)
(0.9999579572 1.249723439e-05 0)
(0.9999636979 8.588584619e-06 0)
(0.9999673433 5.021370169e-06 0)
(0.9999691128 1.65216429e-06 0)
(0.99832762 -0.000284462402 0)
(0.994879677 -0.0002904992383 0)
(0.9911152069 -0.0003028469363 0)
(0.9867993434 -0.0003220691991 0)
(0.9816593387 -0.0003490472508 0)
(0.9753650033 -0.0003850103108 0)
(0.9675043714 -0.000431547789 0)
(0.9575530076 -0.0004905650235 0)
(0.9448362273 -0.0005641304519 0)
(0.9284870135 -0.00065419469 0)
(0.9074119808 -0.0007623591679 0)
(0.8802927389 -0.0008904080939 0)
(0.8456183647 -0.001042962274 0)
(0.8013404701 -0.001232140578 0)
(0.7419638874 -0.001479276806 0)
(0.6516188087 -0.001878303715 0)
(0.4840346398 0.04489432332 -4.081842636e-22)
(0.3587368448 0.05761055395 -6.034237152e-22)
(0 0 0)
(0 0 0)
(0 0 0)
(0 0 0)
(0 0 0)
(0 0 0)
(0 0 0)
(0 0 0)
(0 0 0)
(0 0 0)
(0 0 0)
(0 0 0)
(0 0 0)
(0 0 0)
(0.3586819911 -0.05763043973 -7.250148565e-23)
(0.483955587 -0.04491357021 4.081167148e-22)
(0.6514733337 0.001847072695 0)
(0.7417731915 0.00144773867 0)
(0.8010927078 0.001199360937 0)
(0.8452986287 0.001008142329 0)
(0.8798822362 0.0008527446979 0)
(0.90688653 0.0007211053072 0)
(0.9278155381 0.0006086162889 0)
(0.9439789046 0.0005134581013 0)
(0.9564588943 0.0004339586765 0)
(0.9661083524 0.0003680687033 0)
(0.9735838755 0.0003135942328 0)
(0.9793867871 0.0002684746551 0)
(0.9838994908 0.0002309297647 0)
(0.9874143246 0.0001994955285 0)
(0.9901555143 0.0001730001633 0)
(0.992295639 0.0001505179505 0)
(0.9939679526 0.0001313203999 0)
(0.9952756339 0.000114833123 0)
(0.9962987639 0.0001006007157 0)
(0.99709962 8.825921287e-05 0)
(0.9977267126 7.751505261e-05 0)
(0.9982178783 6.812910471e-05 0)
(0.9986026605 5.990462029e-05 0)
(0.9989041463 5.267814824e-05 0)
(0.9991403901 4.631257372e-05 0)
(0.9993255177 4.069189965e-05 0)
(0.9994705857 3.571720522e-05 0)
(0.9995842503 3.130344832e-05 0)
(0.9996732894 2.737699252e-05 0)
(0.9997430097 2.387365624e-05 0)
(0.9997975651 2.073718392e-05 0)
(0.9998402054 1.791790892e-05 0)
(0.9998734701 1.537163846e-05 0)
(0.9998993403 1.305888341e-05 0)
(0.9999193564 1.094404255e-05 0)
(0.9999347106 8.994747636e-06 0)
(0.9999463172 7.181327464e-06 0)
(0.9999548676 5.476255126e-06 0)
(0.999960871 3.853739083e-06 0)
(0.999964685 2.289277974e-06 0)
(0.9999665369 7.592828887e-07 0)
(0.9983791969 0.003012013944 3.845616782e-34)
(0.995038004 0.003208949447 3.832746975e-34)
(0.991391387 0.003616202541 -3.818700718e-34)
(0.9872129608 0.004261665251 -3.802606005e-34)
(0.9822401772 0.005190119453 0)
(0.976155593 0.006467121458 -1.880007287e-34)
(0.9685632346 0.008184763744 -1.865384936e-34)
(0.9589575315 0.01046974743 0)
(0.9466807987 0.01349406365 0)
(0.9308617559 0.01748803613 0)
(0.9103190895 0.02275472679 0)
(0.8833973918 0.02968748646 0)
(0.8477015505 0.03881972891 8.163069e-35)
(0.7999071693 0.05106951632 7.702825851e-35)
(0.7368689979 0.06875623515 0)
(0.6573786956 0.09789140068 0)
(0.5580757713 0.1212002316 1.690029594e-21)
(0.3831428723 0.1746344892 8.258585324e-22)
(0 0 0)
(0 0 0)
(0 0 0)
(0 0 0)
(0 0 0)
(0 0 0)
(0 0 0)
(0 0 0)
(0 0 0)
(0 0 0)
(0 0 0)
(0 0 0)
(0 0 0)
(0 0 0)
(0.3830873442 -0.1746336306 2.207972161e-22)
(0.5579800433 -0.1211964492 0)
(0.6572418492 -0.0978812088 0)
(0.7366849345 -0.06873666592 7.094017875e-35)
(0.7996656577 -0.05103877427 7.700500179e-35)
(0.8473891649 -0.03877507995 0)
(0.8829962619 -0.02962492827 0)
(0.9098058798 -0.02266894725 0)
(0.9302063573 -0.01737214621 -1.791512278e-34)
(0.9458445871 -0.01333917732 -1.821630413e-34)
(0.9578910876 -0.01026442258 1.844831129e-34)
(0.9672033973 -0.007914279598 1.862765985e-34)
(0.9744216716 -0.006112548803 0)
(0.9800290912 -0.004727123789 0)
(0.9843930029 -0.00365896377 0)
(0.987794212 -0.002833569835 3.804844903e-34)
(0.9904483249 -0.00219463246 3.815068175e-34)
(0.9925215069 -0.00169936943 0)
(0.9941422237 -0.001315115689 3.829296555e-34)
(0.9954100574 -0.001016821153 3.834180073e-34)
(0.99640237 -0.000785203101 0)
(0.9971793709 -0.0006053718436 0)
(0.9977879892 -0.0004658004975 0)
(0.9982648474 -0.0003575472733 0)
(0.9986385524 -0.0002736647193 0)
(0.9989314681 -0.0002087483806 0)
(0.999161088 -0.0001585904296 0)
(0.9993411028 -0.000119912738 0)
(0.999482231 -9.016052114e-05 0)
(0.9995928657 -6.734245783e-05 0)
(0.9996795802 -4.990642418e-05 0)
(0.9997475221 -3.664274751e-05 0)
(0.9998007214 -2.660888885e-05 0)
(0.9998423314 -1.90705657e-05 0)
(0.9998748168 -1.345579553e-05 0)
(0.9999001008 -9.318902677e-06 0)
(0.9999196791 -6.31220633e-06 0)
(0.9999347093 -4.163823197e-06 0)
(0.9999460797 -2.660125605e-06 7.703304391e-34)
(0.9999544619 -1.631755385e-06 7.703368965e-34)
(0.9999603506 -9.423179844e-07 0)
(0.9999640935 -4.79167639e-07 0)
(0.9999659114 -1.456538782e-07 0)
(0.9985369251 0.006098975896 0)
(0.9955219905 0.00648447112 0)
(0.992234971 0.007281250892 0)
(0.9884749252 0.008543027448 0)
(0.9840099495 0.01035595428 0)
(0.9785612831 0.01284607044 0)
(0.9717832365 0.01619059026 0)
(0.9632365078 0.02063450509 0)
(0.9523508606 0.02651484837 0)
(0.9383703621 0.03429659233 0)
(0.9202705297 0.04462731176 0)
(0.8966344696 0.05842321711 0)
(0.8654791284 0.07700203199 0)
(0.8240045581 0.1022454336 0)
(0.768080449 0.1366615607 0)
(0.6934647647 0.1842461677 0)
(0.5971038128 0.2020868273 3.13220497e-21)
(0.5549021978 0.3546077784 4.690372022e-21)
(0 0 0)
(0 0 0)
(0 0 0)
(0 0 0)
(0 0 0)
(0 0 0)
(0 0 0)
(0 0 0)
(0 0 0)
(0 0 0)
(0 0 0)
(0 0 0)
(0 0 0)
(0 0 0)
(0.5548381843 -0.3545682957 -7.656228558e-21)
(0.597013119 -0.2020597893 4.269611552e-21)
(0.6933423925 -0.1841923123 0)
(0.7679116046 -0.1365918721 0)
(0.823782707 -0.1021542456 0)
(0.8651927198 -0.07688226213 0)
(0.896267296 -0.05826610101 0)
(0.919801364 -0.0444218041 0)
(0.9377718704 -0.03402864425 0)
(0.9515880247 -0.02616651778 0)
(0.9622645563 -0.02018283718 0)
(0.9705449824 -0.01560619352 0)
(0.9769837112 -0.01209129508 0)
(0.9819998449 -0.009382554416 0)
(0.9859132753 -0.007289152553 0)
(0.9889697917 -0.005667564168 0)
(0.9913591241 -0.004409126874 0)
(0.9932282234 -0.003431098681 0)
(0.9946911971 -0.002670160621 0)
(0.9958368252 -0.002077651441 0)
(0.9967342911 -0.001616041094 0)
(0.997437575 -0.001256298951 0)
(0.9979888381 -0.0009759146473 0)
(0.9984210372 -0.0007573994391 0)
(0.9987599516 -0.000587144722 0)
(0.9990257571 -0.0004545481526 0)
(0.99923425 -0.0003513415964 0)
(0.9993978025 -0.000271072511 0)
(0.9995261068 -0.0002087025727 0)
(0.9996267565 -0.0001602961573 0)
(0.9997057016 -0.0001227780637 0)
(0.9997676036 -9.3744789e-05 0)
(0.9998161132 -7.131738963e-05 0)
(0.999854088 -5.402642572e-05 0)
(0.9998837623 -4.072191957e-05 0)
(0.9999068801 -3.050290181e-05 0)
(0.9999247981 -2.266197734e-05 0)
(0.9999385666 -1.664164044e-05 0)
(0.9999489919 -1.199975967e-05 0)
(0.9999566835 -8.381996803e-06 0)
(0.9999620909 -5.499520309e-06 0)
(0.9999655296 -3.110767473e-06 0)
(0.9999672003 -1.006032074e-06 0)
(0.9987891942 0.00877553051 0)
(0.9962957766 0.009321777097 0)
(0.9935826458 0.01045009524 0)
(0.9904887435 0.0122349853 0)
(0.9868301792 0.01479565979 0)
(0.9823890961 0.01830600428 0)
(0.9769003063 0.0230097597 0)
(0.9700346986 0.02924308434 0)
(0.9613780979 0.03746805923 0)
(0.9504039298 0.04832300277 0)
(0.9364378207 0.06269890872 0)
(0.9186118797 0.08185508323 0)
(0.8958046592 0.1075866902 0)
(0.8665700767 0.1424406373 0)
(0.8291601647 0.1898937121 0)
(0.7813948602 0.2535173861 0)
(0.7123937457 0.3166826825 0)
(0.6654695858 0.4519552762 2.153077838e-21)
(0 0 0)
(0 0 0)
(0 0 0)
(0 0 0)
(0 0 0)
(0 0 0)
(0 0 0)
(0 0 0)
(0 0 0)
(0 0 0)
(0 0 0)
(0 0 0)
(0 0 0)
(0 0 0)
(0.6654044247 -0.4519005373 -1.259750666e-21)
(0.7123137044 -0.3166099585 0)
(0.7812841822 -0.2534253654 0)
(0.8290143955 -0.1897805438 0)
(0.8663811113 -0.1422966299 0)
(0.8955617443 -0.1074011142 0)
(0.9183012164 -0.08161511124 0)
(0.9360416259 -0.06238854581 0)
(0.9498993791 -0.04792199051 0)
(0.9607359908 -0.03695059024 0)
(0.969217741 -0.02857620479 0)
(0.9758609097 -0.02215134429 0)
(0.9810665629 -0.01720217071 0)
(0.9851471096 -0.01337745589 0)
(0.9883464489 -0.01041413357 0)
(0.9908552981 -0.008113513997 0)
(0.9928229407 -0.006324509022 0)
(0.9943663016 -0.004931589262 0)
(0.995576996 -0.003846011852 0)
(0.9965268259 -0.002999353658 0)
(0.9972720743 -0.002338695834 0)
(0.9978568654 -0.001823007339 0)
(0.9983157951 -0.001420409185 0)
(0.9986759907 -0.001106092001 0)
(0.998958725 -0.0008607225638 0)
(0.9991806807 -0.000669219243 0)
(0.9993549418 -0.0005198072573 0)
(0.9994917696 -0.0004032876069 0)
(0.9995992123 -0.0003124701137 0)
(0.9996835815 -0.0002417325416 0)
(0.9997498266 -0.0001866771738 0)
(0.9998018281 -0.000143863079 0)
(0.9998426272 -0.0001105970127 0)
(0.9998746055 -8.476983711e-05 0)
(0.9998996263 -6.472839961e-05 0)
(0.9999191446 -4.917514968e-05 0)
(0.9999342931 -3.708921465e-05 0)
(0.9999459488 -2.766409419e-05 0)
(0.9999547853 -2.025832848e-05 0)
(0.9999613122 -1.435613718e-05 0)
(0.999965905 -9.535635627e-06 0)
(0.9999688279 -5.442641503e-06 0)
(0.9999702487 -1.768617541e-06 0)
(0.9991177582 0.01087067119 0)
(0.9973030366 0.01153908377 0)
(0.9953350345 0.01291860257 0)
(0.9931029546 0.01509778616 0)
(0.9904829224 0.01821773394 0)
(0.9873325379 0.02248298928 0)
(0.9834855296 0.02817790863 0)
(0.9787472066 0.03569046999 0)
(0.9728924302 0.04554656204 0)
(0.9656699946 0.05845930025 0)
(0.9568217048 0.07539982454 0)
(0.9461323711 0.09769795732 0)
(0.9335368505 0.12718196 0)
(0.9192975515 0.1663627229 0)
(0.9040894597 0.2186422483 0)
(0.8881616447 0.2885256625 0)
(0.8635498174 0.3753809609 0)
(0.8171549215 0.488759247 0)
(0.9148637943 0.7190081518 -3.696689776e-21)
(0 0 0)
(0 0 0)
(0 0 0)
(0 0 0)
(0 0 0)
(0 0 0)
(0 0 0)
(0 0 0)
(0 0 0)
(0 0 0)
(0 0 0)
(0 0 0)
(0.9148190572 -0.7189381456 4.895492745e-21)
(0.8171132466 -0.4886755801 6.425941052e-21)
(0.8634755199 -0.3752865797 0)
(0.888070956 -0.288408224 0)
(0.9039755953 -0.2184961725 0)
(0.9191524487 -0.166177114 0)
(0.9333518722 -0.1269440667 0)
(0.9458969772 -0.09739202036 0)
(0.9565225986 -0.07500603366 0)
(0.9652902552 -0.05795253789 0)
(0.9724104906 -0.0448948468 0)
(0.978135584 -0.03485299868 0)
(0.9827092185 -0.02710257042 0)
(0.9863469717 -0.02110319434 0)
(0.9892313844 -0.01644835655 0)
(0.9915132956 -0.01282996473 0)
(0.9933155156 -0.01001306301 0)
(0.9947370744 -0.007817550631 0)
(0.9958572973 -0.00610479511 0)
(0.9967394223 -0.004767718224 0)
(0.9974336835 -0.003723382436 0)
(0.9979798784 -0.002907401818 0)
(0.9984094712 -0.002269699653 0)
(0.9987472977 -0.001771269855 0)
(0.9990129378 -0.00138169281 0)
(0.9992218124 -0.001077222256 0)
(0.999386058 -0.00083930709 0)
(0.9995152201 -0.0006534460433 0)
(0.9996168032 -0.0005082981594 0)
(0.9996967044 -0.0003949907987 0)
(0.9997595565 -0.000306580306 0)
(0.9998089974 -0.0002376311193 0)
(0.9998478829 -0.0001838870664 0)
(0.9998784537 -0.0001420142159 0)
(0.9999024663 -0.0001093995795 0)
(0.9999212964 -8.39933743e-05 0)
(0.9999360189 -6.418522427e-05 0)
(0.9999474714 -4.870671706e-05 0)
(0.9999563032 -3.65545723e-05 0)
(0.999963013 -2.692971495e-05 0)
(0.9999679785 -1.918862403e-05 0)
(0.9999714784 -1.280400559e-05 0)
(0.9999737084 -7.332387306e-06 0)
(0.9999747932 -2.386858463e-06 0)
(0.9994994793 0.01225481649 0)
(0.9984724516 0.01299952954 0)
(0.9973666685 0.01453501579 0)
(0.9961270987 0.0169564942 0)
(0.9946954147 0.02041479387 0)
(0.9930098776 0.02512668683 0)
(0.9910069959 0.03138995102 0)
(0.9886264814 0.03960438392 0)
(0.9858221806 0.05030038447 0)
(0.9825834884 0.06417706667 0)
(0.978974256 0.08215203789 0)
(0.9751986592 0.1054251393 0)
(0.9717044937 0.1355605538 0)
(0.9693397485 0.1746047773 0)
(0.9696492302 0.2253137027 0)
(0.9757222127 0.2917188956 0)
(0.9926668567 0.3798625784 0)
(1.01728355 0.4620874807 0)
(1.027067726 0.6653462131 5.34866548e-21)
(0 0 0)
(0 0 0)
(0 0 0)
(0 0 0)
(0 0 0)
(0 0 0)
(0 0 0)
(0 0 0)
(0 0 0)
(0 0 0)
(0 0 0)
(0 0 0)
(1.027031948 -0.6652676241 5.348944036e-21)
(1.017240192 -0.4620059444 0)
(0.9926162235 -0.3797576074 0)
(0.9756621412 -0.2915861914 0)
(0.9695754473 -0.2251459684 0)
(0.9692475266 -0.1743910997 0)
(0.9715885155 -0.1352870338 0)
(0.9750525474 -0.1050741992 0)
(0.9787901059 -0.08170139796 0)
(0.9823513524 -0.06359840553 0)
(0.9855294651 -0.04955762569 0)
(0.9882572143 -0.03865151514 0)
(0.9905409148 -0.03016824635 0)
(0.992421289 -0.02356116385 0)
(0.9939517631 -0.01840968877 0)
(0.9951871781 -0.01438947602 0)
(0.9961783946 -0.01124978161 0)
(0.9969701068 -0.008796316321 0)
(0.9976003334 -0.006878229454 0)
(0.9981007354 -0.00537819335 0)
(0.9984972964 -0.004204820335 0)
(0.9988111188 -0.00328684126 0)
(0.9990592093 -0.002568621152 0)
(0.9992551951 -0.002006694505 0)
(0.9994099477 -0.001567081205 0)
(0.9995321109 -0.00122320276 0)
(0.9996285397 -0.0009542615959 0)
(0.9997046591 -0.000743978449 0)
(0.9997647562 -0.0005796076263 0)
(0.9998122143 -0.0004511680059 0)
(0.9998497009 -0.0003508420332 0)
(0.9998793173 -0.0002725057267 0)
(0.9999027178 -0.0002113607373 0)
(0.9999212035 -0.0001636461012 0)
(0.9999357969 -0.0001264123706 0)
(0.9999473004 -9.734446125e-05 0)
(0.9999563424 -7.462238944e-05 0)
(0.9999634134 -5.681167188e-05 0)
(0.9999688946 -4.27768056e-05 0)
(0.999973079 -3.161261911e-05 0)
(0.9999761891 -2.258946721e-05 0)
(0.9999783892 -1.510886919e-05 0)
(0.999979795 -8.666982479e-06 0)
(0.99998048 -2.823808723e-06 0)
(0.999908421 0.01284750831 0)
(0.9997242742 0.01361922343 0)
(0.9995379702 0.015208701 0)
(0.9993510041 0.01771077147 0)
(0.9991701513 0.02127466597 0)
(0.999011553 0.02611279417 0)
(0.9989073062 0.03251307932 0)
(0.9989161408 0.04085530728 0)
(0.9991405964 0.0516318862 0)
(0.9997543326 0.06547314582 0)
(1.00104507 0.08317677184 0)
(1.003482075 0.1057403358 0)
(1.007824985 0.1343957642 0)
(1.015308204 0.1706459748 0)
(1.027949366 0.2163089104 0)
(1.048937732 0.2736352783 0)
(1.083411881 0.346475984 0)
(1.129470765 0.4247278224 0)
(1.215473799 0.5464329007 -7.069414303e-21)
(1.270396345 0.6655689537 5.063274641e-21)
(1.468607041 0.7700410018 4.126466664e-21)
(0 0 0)
(0 0 0)
(0 0 0)
(0 0 0)
(0 0 0)
(0 0 0)
(0 0 0)
(0 0 0)
(1.468581388 -0.7699922742 -4.12677004e-21)
(1.27037451 -0.6655077568 0)
(1.215456397 -0.5463525702 -2.987872427e-21)
(1.129451342 -0.4246412152 0)
(1.083389686 -0.3463660269 0)
(1.048912788 -0.2734953611 0)
(1.027920773 -0.2161310113 0)
(1.015274559 -0.1704189478 0)
(1.007784767 -0.1341052333 0)
(1.003433598 -0.1053679756 0)
(1.000986384 -0.08269925691 0)
(0.9996831058 -0.06486077268 0)
(0.9990539855 -0.05084679999 0)
(0.9988106475 -0.03984923639 0)
(0.9987786171 -0.03122444689 0)
(0.9988543586 -0.02446303505 0)
(0.9989779447 -0.01916353188 0)
(0.9991158677 -0.01501034425 0)
(0.999250369 -0.01175575694 0)
(0.9993728936 -0.009205492 0)
(0.9994801198 -0.007207244022 0)
(0.9995715813 -0.0056416342 0)
(0.9996482651 -0.00441509755 0)
(0.999711802 -0.003454300641 0)
(0.9997640148 -0.002701765383 0)
(0.9998066796 -0.002112439488 0)
(0.9998414104 -0.001651009125 0)
(0.9998696153 -0.001289793332 0)
(0.9998924903 -0.001007094074 0)
(0.9999110332 -0.0007859030531 0)
(0.9999260661 -0.0006128881724 0)
(0.99993826 -0.0004775990214 0)
(0.9999481588 -0.0003718438261 0)
(0.9999562018 -0.0002892009717 0)
(0.9999627418 -0.0002246359288 0)
(0.9999680619 -0.0001742004587 0)
(0.9999723882 -0.0001347966577 0)
(0.9999759012 -0.0001039917531 0)
(0.9999787446 -7.987231318e-05 0)
(0.9999810319 -6.092949457e-05 0)
(0.9999828528 -4.596827523e-05 0)
(0.9999842771 -3.403548043e-05 0)
(0.9999853584 -2.436225259e-05 0)
(0.9999861367 -1.631755558e-05 0)
(0.9999866406 -9.369787607e-06 0)
(0.999986888 -3.054402695e-06 0)
(1.000317957 0.01262090366 0)
(1.000976898 0.01337055978 0)
(1.001707043 0.01491297887 0)
(1.002563235 0.01733659873 0)
(1.003612373 0.02077968502 0)
(1.004940404 0.0254371735 0)
(1.006661823 0.03156991094 0)
(1.008932944 0.03951623947 0)
(1.011970563 0.04970561785 0)
(1.016078002 0.06267351711 0)
(1.021680691 0.07907608067 0)
(1.029372671 0.09970191338 0)
(1.039972306 0.125476699 0)
(1.05457747 0.1574545687 0)
(1.074610034 0.1967939165 0)
(1.101982255 0.2447413255 0)
(1.140315247 0.3024899882 0)
(1.196468599 0.3663993699 0)
(1.298600427 0.4619486496 0)
(1.491266732 0.3977268403 -1.299633638e-20)
(1.580879451 0.6050845539 -4.531166145e-21)
(1.818259182 0.4931983233 -1.470196411e-20)
(0 0 0)
(0 0 0)
(0 0 0)
(0 0 0)
(0 0 0)
(0 0 0)
(1.81824886 -0.493171318 6.370178107e-21)
(1.580866806 -0.6050413747 -5.637999652e-21)
(1.491266174 -0.3976614034 -8.279830368e-21)
(1.298594415 -0.4618786445 0)
(1.196468754 -0.3663136955 0)
(1.140320516 -0.3023814432 0)
(1.101993343 -0.2446030696 0)
(1.074628062 -0.1966176499 0)
(1.054604022 -0.1572293852 0)
(1.040009644 -0.1251885409 0)
(1.029423894 -0.09933281243 0)
(1.021749932 -0.07860312369 0)
(1.016170685 -0.06206749824 0)
(1.012093745 -0.04892930771 0)
(1.00909577 -0.03852217384 0)
(1.006876114 -0.03029757164 0)
(1.00522144 -0.02380939903 0)
(1.003979908 -0.01869810435 0)
(1.003042837 -0.01467582387 0)
(1.002331859 -0.01151322464 0)
(1.001790001 -0.009028271226 0)
(1.001375483 -0.00707686578 0)
(1.001057412 -0.005545176027 0)
(1.00081276 -0.004343419857 0)
(1.00062424 -0.003400870252 0)
(1.000478788 -0.002661863882 0)
(1.000366478 -0.002082626077 0)
(1.000279729 -0.001628752273 0)
(1.000212729 -0.001273215739 0)
(1.000161005 -0.0009947940243 0)
(1.000121108 -0.0007768277251 0)
(1.00009037 -0.0006062431897 0)
(1.000066727 -0.0004727826461 0)
(1.000048575 -0.0003683990089 0)
(1.000034672 -0.0002867799873 0)
(1.000024053 -0.0002229738485 0)
(1.000015969 -0.0001730953671 0)
(1.000009837 -0.0001340948901 0)
(1.000005208 -0.0001035764701 0)
(1.000001733 -7.965484778e-05 0)
(0.9999991417 -6.08429691e-05 0)
(0.9999972287 -4.596251089e-05 0)
(0.9999958363 -3.407319497e-05 0)
(0.9999948466 -2.441626495e-05 0)
(0.9999941732 -1.636865567e-05 0)
(0.9999937559 -9.405251785e-06 0)
(0.9999935565 -3.067005436e-06 0)
(1.00070263 0.01159929541 0)
(1.002152558 0.01228119083 0)
(1.003739616 0.01368282729 0)
(1.005565913 0.0158815792 0)
(1.007750548 0.0189976972 0)
(1.010438399 0.02319926407 0)
(1.013811092 0.0287086147 0)
(1.018101041 0.03580990383 0)
(1.0236096 0.04485722975 0)
(1.030730537 0.05628230033 0)
(1.039980248 0.07060004525 0)
(1.052036645 0.08840982347 0)
(1.067790622 0.1103888235 0)
(1.088420957 0.1372717095 0)
(1.115520303 0.1697977333 0)
(1.151289732 0.2085327183 0)
(1.198422183 0.2531476864 0)
(1.25752165 0.3003735996 0)
(1.33126663 0.3519217359 0)
(1.400482187 0.3843572371 0)
(1.509660259 0.5075648181 0)
(1.768941773 0.2882240941 0)
(1.960474229 0.3884347991 4.455712274e-21)
(1.939234284 0.3786766921 -9.211840058e-25)
(2.141385368 0.03489747995 1.768877805e-21)
(2.141384438 -0.03488739151 8.336486357e-23)
(1.939230656 -0.3786624247 -3.438201478e-21)
(1.960469386 -0.388418842 -4.455793145e-21)
(1.768939975 -0.2881943574 0)
(1.509662259 -0.5075266977 0)
(1.400489334 -0.3843106786 0)
(1.331280447 -0.3518595078 0)
(1.257544137 -0.3002949994 0)
(1.198455131 -0.2530476579 0)
(1.151335936 -0.2084050403 0)
(1.115583322 -0.1696346662 0)
(1.088505329 -0.1370632338 0)
(1.067902251 -0.1101220385 0)
(1.052183209 -0.08806821881 0)
(1.040171686 -0.07016254724 0)
(1.030979665 -0.05572203512 0)
(1.023932897 -0.04413993876 0)
(1.018519661 -0.03489192046 0)
(1.014352167 -0.0275342874 0)
(1.011136708 -0.02169768127 0)
(1.008650674 -0.01707852887 0)
(1.006725011 -0.01342980185 0)
(1.00523099 -0.01055204299 0)
(1.004070279 -0.008285180788 0)
(1.00316752 -0.00650136204 0)
(1.00246478 -0.005098847415 0)
(1.001917391 -0.003996915897 0)
(1.001490824 -0.003131672566 0)
(1.001158328 -0.002452635437 0)
(1.000899134 -0.001919979545 0)
(1.000697098 -0.001502324788 0)
(1.00053965 -0.001174969609 0)
(1.000416992 -0.0009184848986 0)
(1.000321487 -0.0007175985623 0)
(1.000247169 -0.0005603125041 0)
(1.000189385 -0.0004372041905 0)
(1.000144499 -0.0003408765205 0)
(1.000109672 -0.0002655235078 0)
(1.000082686 -0.0002065881021 0)
(1.000061812 -0.0001604934409 0)
(1.000045699 -0.0001244306516 0)
(1.000033297 -9.619222627e-05 0)
(1.000023787 -7.404077828e-05 0)
(1.000016536 -5.660517781e-05 0)
(1.000011055 -4.279890179e-05 0)
(1.000006971 -3.175449097e-05 0)
(1.000004001 -2.277174949e-05 0)
(1.00000194 -1.527560528e-05 0)
(1.000000641 -8.78107417e-06 0)
(1.000000015 -2.864126109e-06 0)
(1.00103961 0.009855312557 0)
(1.003181745 0.01042951882 0)
(1.005516452 0.0116088132 0)
(1.008185108 0.01345614506 0)
(1.011349404 0.01606885149 0)
(1.015201129 0.01958199421 0)
(1.019973694 0.02417248127 0)
(1.025955954 0.03006355561 0)
(1.033508963 0.03752894834 0)
(1.043086365 0.04689554456 0)
(1.055259331 0.05854270171 0)
(1.070747436 0.07289512057 0)
(1.090457838 0.09040368346 0)
(1.115535643 0.1115030016 0)
(1.147422378 0.1365213725 0)
(1.187888357 0.1654974361 0)
(1.238957682 0.1978829912 0)
(1.302947815 0.2324256044 0)
(1.382626188 0.2662929555 0)
(1.478182751 0.3050491255 0)
(1.602113791 0.3535307086 0)
(1.704473157 0.3028235891 0)
(1.798508843 0.1947065784 0)
(1.898168935 0.2222563878 0)
(1.94234767 -0.01413385916 0)
(1.942347912 0.01414417577 0)
(1.898169915 -0.2222442318 0)
(1.798511187 -0.1946903581 0)
(1.7044789 -0.3027994731 0)
(1.602125633 -0.3534986854 0)
(1.478202125 -0.3050091612 0)
(1.382655178 -0.2662404357 0)
(1.302989465 -0.2323586466 0)
(1.239015181 -0.1977976574 0)
(1.187965965 -0.1653884613 0)
(1.14752562 -0.1363820935 0)
(1.115671609 -0.1113248703 0)
(1.090635652 -0.09017572756 0)
(1.07097884 -0.07260330067 0)
(1.055559421 -0.05816909283 0)
(1.043474515 -0.04641728458 0)
(1.034009999 -0.03691689423 0)
(1.026601661 -0.02928056959 0)
(1.020804734 -0.02317125177 0)
(1.016269495 -0.01830226992 0)
(1.012721558 -0.01443393517 0)
(1.009945985 -0.01136845829 0)
(1.007774581 -0.008944295412 0)
(1.006075796 -0.007030573434 0)
(1.004746767 -0.005521948839 0)
(1.003707051 -0.00433406239 0)
(1.002893736 -0.003399636043 0)
(1.002257604 -0.002665191424 0)
(1.001760146 -0.002088332073 0)
(1.001371223 -0.001635518438 0)
(1.001067244 -0.001280264016 0)
(1.000829738 -0.001001681461 0)
(1.000644248 -0.000783317292 0)
(1.000499451 -0.0006122231681 0)
(1.000386484 -0.00047821661 0)
(1.000298409 -0.0003732947038 0)
(1.000229793 -0.0002911706056 0)
(1.000176386 -0.0002269073548 0)
(1.000134864 -0.0001766282152 0)
(1.000102628 -0.000137289126 0)
(1.000077645 -0.0001064989447 0)
(1.000058333 -8.237783786e-05 0)
(1.000043458 -6.344598172e-05 0)
(1.000032063 -4.853515607e-05 0)
(1.000023409 -3.671940317e-05 0)
(1.000016929 -2.725947162e-05 0)
(1.000012198 -1.955834728e-05 0)
(1.000008902 -1.312554675e-05 0)
(1.000006819 -7.547412874e-06 0)
(1.000005812 -2.462130725e-06 0)
(1.001309739 0.007503614393 0)
(1.004006288 0.007937694146 0)
(1.00693834 0.008828612126 0)
(1.010277373 0.01022264932 0)
(1.014217238 0.01219108261 0)
(1.018984418 0.01483223912 0)
(1.024849557 0.01827389423 0)
(1.03214056 0.02267560593 0)
(1.041257476 0.02823030367 0)
(1.052689249 0.03516400485 0)
(1.067032222 0.04373178705 0)
(1.085009829 0.05420685749 0)
(1.107491846 0.06685733453 0)
(1.13550853 0.08190176724 0)
(1.170247669 0.09943010633 0)
(1.213010195 0.1192769691 0)
(1.265090847 0.1408503323 0)
(1.327504065 0.1629285074 0)
(1.3999658 0.1834978053 0)
(1.483854878 0.2082191893 0)
(1.583605266 0.2264555353 0)
(1.686255402 0.2246842508 0)
(1.760476389 0.1044209872 0)
(1.824692867 0.1485015322 0)
(1.856909174 -0.01685043997 0)
(1.856910344 0.01685934279 0)
(1.824696608 -0.1484912742 0)
(1.760483526 -0.1044076336 0)
(1.686267695 -0.2246658319 0)
(1.583624978 -0.2264313463 0)
(1.483884104 -0.2081884538 0)
(1.400007252 -0.1834579198 0)
(1.327561366 -0.1628774523 0)
(1.265168317 -0.1407851518 0)
(1.213113364 -0.1191936927 0)
(1.170383653 -0.09932363717 0)
(1.135686462 -0.08176557409 0)
(1.107723444 -0.06668304931 0)
(1.085310126 -0.05398377865 0)
(1.06742049 -0.04344625146 0)
(1.053190172 -0.03479858609 0)
(1.041902637 -0.02776278957 0)
(1.032970338 -0.02207769692 0)
(1.025915543 -0.0175095504 0)
(1.020352493 -0.01385558389 0)
(1.015971487 -0.0109437496 0)
(1.012525072 -0.008630433708 0)
(1.009816289 -0.00679725226 0)
(1.007688858 -0.005347574843 0)
(1.00601908 -0.004203141366 0)
(1.00470924 -0.00330096467 0)
(1.003682266 -0.002590604446 0)
(1.002877447 -0.002031831119 0)
(1.002247005 -0.001592664028 0)
(1.001753371 -0.001247747154 0)
(1.001367026 -0.0009770203569 0)
(1.001064787 -0.0007646408425 0)
(1.000828455 -0.0005981143294 0)
(1.000643754 -0.0004675984504 0)
(1.000499484 -0.0003653470733 0)
(1.000386864 -0.0002852687341 0)
(1.000299015 -0.0002225753127 0)
(1.000230546 -0.0001735052472 0)
(1.000177237 -0.0001351037995 0)
(1.000135783 -0.0001050499291 0)
(1.000103605 -8.152041458e-05 0)
(1.000078687 -6.30816007e-05 0)
(1.000059458 -4.860418498e-05 0)
(1.000044699 -3.719680969e-05 0)
(1.000033468 -2.815284074e-05 0)
(1.000025045 -2.090797539e-05 0)
(1.000018883 -1.500641165e-05 0)
(1.000014584 -1.007360008e-05 0)
(1.000011865 -5.793667138e-06 0)
(1.000010549 -1.890215342e-06 0)
(1.00149821 0.0046928577 0)
(1.004581338 0.004962993545 0)
(1.007929142 0.005517176694 0)
(1.011733401 0.00638365057 0)
(1.01620941 0.007605791696 0)
(1.021606402 0.009243193645 0)
(1.028218865 0.01137285963 0)
(1.036398823 0.01409020835 0)
(1.04656893 0.01750939153 0)
(1.059235877 0.0217620982 0)
(1.075003 0.02699348738 0)
(1.094579948 0.0333530476 0)
(1.118785419 0.04097696864 0)
(1.148535897 0.0499572036 0)
(1.184808722 0.06029169472 0)
(1.228562501 0.07181255957 0)
(1.280592219 0.08410026188 0)
(1.341289897 0.09644457013 0)
(1.410435326 0.1082329714 0)
(1.488755504 0.1211125585 0)
(1.574946536 0.1274348044 0)
(1.666293209 0.1295141759 0)
(1.731481636 0.0600422384 0)
(1.781268008 0.07876342869 0)
(1.807467084 -0.005586135362 0)
(1.807468862 0.005592086968 0)
(1.781273612 -0.07875662308 0)
(1.731491962 -0.06003355797 0)
(1.666309878 -0.1295025941 0)
(1.574971695 -0.1274197036 0)
(1.488791623 -0.1210932297 0)
(1.410485542 -0.1082080275 0)
(1.34135826 -0.09641260404 0)
(1.280683785 -0.08405940871 0)
(1.228683704 -0.07176034559 0)
(1.184967802 -0.06022492718 0)
(1.14874342 -0.04987178902 0)
(1.119054921 -0.04086766633 0)
(1.094928776 -0.03321315817 0)
(1.075453362 -0.02681445807 0)
(1.05981619 -0.0215330211 0)
(1.047315523 -0.01721636417 0)
(1.03735811 -0.01371552107 0)
(1.029450106 -0.01089396441 0)
(1.023185212 -0.008631397049 0)
(1.018232218 -0.006824603183 0)
(1.014323108 -0.005386699605 0)
(1.011242289 -0.004245594921 0)
(1.008817176 -0.003342134677 0)
(1.006910153 -0.002628204654 0)
(1.005411845 -0.002064944752 0)
(1.004235544 -0.001621146579 0)
(1.003312662 -0.001271860511 0)
(1.002589039 -0.0009972149435 0)
(1.002021968 -0.0007814305298 0)
(1.001577814 -0.0006120072516 0)
(1.001230112 -0.0004790630095 0)
(1.000958057 -0.000374798046 0)
(1.000745305 -0.0002930636875 0)
(1.000579023 -0.0002290184086 0)
(1.00044914 -0.0001788531605 0)
(1.00034776 -0.0001395727058 0)
(1.000268692 -0.0001088230222 0)
(1.000207086 -8.475494198e-05 0)
(1.000159145 -6.591565637e-05 0)
(1.000121901 -5.116341615e-05 0)
(1.000093036 -3.960057711e-05 0)
(1.000070741 -3.051992356e-05 0)
(1.000053613 -2.336289505e-05 0)
(1.000040569 -1.76869411e-05 0)
(1.000030775 -1.313861571e-05 0)
(1.000023606 -9.432103991e-06 0)
(1.0000186 -6.332706773e-06 0)
(1.000015433 -3.642581045e-06 0)
(1.000013899 -1.188494875e-06 0)
(1.00159498 0.001596574659 0)
(1.004876518 0.001688245285 0)
(1.008437466 0.001876263896 0)
(1.012479806 0.002170118492 0)
(1.017229535 0.002584360213 0)
(1.022947116 0.003138937858 0)
(1.029938613 0.003859550933 0)
(1.038567449 0.004777914052 0)
(1.049266412 0.005931747188 0)
(1.062549067 0.007364190751 0)
(1.079018945 0.009122156875 0)
(1.099373595 0.01125284827 0)
(1.12439874 0.01379732167 0)
(1.154945165 0.01677965006 0)
(1.191878133 0.02019025047 0)
(1.235987384 0.02396311024 0)
(1.287851057 0.02795242669 0)
(1.347684452 0.03194080152 0)
(1.415348272 0.0357906818 0)
(1.49074639 0.03968283439 0)
(1.571800406 0.04145223535 0)
(1.654473213 0.04130324469 0)
(1.716562523 0.02084815469 0)
(1.761002837 0.02363660009 0)
(1.784455394 -0.0001605912361 0)
(1.784457477 0.0001626771772 0)
(1.76100938 -0.0236342226 0)
(1.71657444 -0.020845152 0)
(1.65449208 -0.04129929098 0)
(1.571828355 -0.04144709747 0)
(1.490786057 -0.03967624294 0)
(1.415403005 -0.03578219212 0)
(1.347758538 -0.03192991912 0)
(1.287949915 -0.02793851267 0)
(1.236117911 -0.02394532357 0)
(1.192049152 -0.02016750426 0)
(1.155167978 -0.01675055027 0)
(1.124687824 -0.013760084 0)
(1.099747488 -0.01120519232 0)
(1.079501371 -0.009061171464 0)
(1.063170367 -0.007286163164 0)
(1.050065363 -0.005831945711 0)
(1.039593578 -0.004650311677 0)
(1.031255129 -0.003696475049 0)
(1.024634648 -0.002930626246 0)
(1.019390865 -0.002318400531 0)
(1.015245869 -0.001830741361 0)
(1.011974942 -0.001443456044 0)
(1.009397424 -0.001136639372 0)
(1.007368748 -0.0008940654972 0)
(1.005773672 -0.0007026058395 0)
(1.004520618 -0.0005517012543 0)
(1.003537 -0.000432900088 0)
(1.002765407 -0.0003394643183 0)
(1.002160508 -0.0002660393122 0)
(1.001686563 -0.0002083803473 0)
(1.001315423 -0.0001631300384 0)
(1.001024947 -0.0001276372185 0)
(1.000797726 -9.981117089e-05 0)
(1.000620087 -7.800544596e-05 0)
(1.000481296 -6.092416102e-05 0)
(1.000372932 -4.754809821e-05 0)
(1.000288392 -3.707609159e-05 0)
(1.000222503 -2.887889424e-05 0)
(1.000171213 -2.246212164e-05 0)
(1.000131354 -1.743696299e-05 0)
(1.00010045 -1.349778587e-05 0)
(1.000076572 -1.040394391e-05 0)
(1.000058222 -7.965170239e-06 0)
(1.00004424 -6.030738724e-06 0)
(1.000033739 -4.480456549e-06 0)
(1.000026049 -3.216848731e-06 0)
(1.000020678 -2.159932081e-06 0)
(1.000017279 -1.242447548e-06 0)
(1.000015633 -4.054025829e-07 0)
(2.521405136 0.09358320657 2.13070815e-21)
(2.395153115 0.07852314936 -1.318878713e-23)
(2.291758399 0.06413639977 1.939473157e-21)
(2.207593088 0.04964388326 1.867438996e-21)
(2.13985353 0.0348811653 -1.767620335e-21)
(2.085568921 0.01978785546 5.260627944e-23)
(2.0401167 0.002769340208 0)
(1.994816292 -0.02144264028 0)
(1.932800733 -0.05622771631 0)
(1.855580668 -0.01683918307 9.096451368e-35)
(2.482492707 0.2800146372 2.114880083e-21)
(2.357373266 0.2396373033 0)
(2.251295906 0.1997501426 1.914318286e-21)
(2.160320171 0.1553126636 -1.821283708e-21)
(2.081669402 0.100962456 -1.275231778e-21)
(2.01401016 0.03269847348 4.070550734e-21)
(1.958076041 -0.04721930202 0)
(1.917999579 -0.1215629869 -1.172826148e-21)
(1.904835351 -0.1518658843 1.87739962e-21)
(1.823411467 0.1483362953 0)
(2.416793766 0.4656873748 -4.165250844e-21)
(2.296687156 0.4178884568 0)
(2.193093497 0.3826610361 0)
(2.101098283 0.3622108474 -7.40103436e-21)
(2.016737407 0.3598300429 -1.373209047e-22)
(1.937855995 0.3783727358 9.250714307e-25)
(1.866258975 0.4158471995 -3.535248333e-21)
(1.811457419 0.4574441746 -6.454838518e-22)
(1.79467284 0.4694464226 3.127271115e-21)
(1.823411467 0.1483362953 0)
(2.327710997 0.6324628059 3.999987584e-21)
(2.221591204 0.5619116506 -4.215844395e-22)
(2.13441846 0.5042764882 6.768588497e-21)
(2.06316941 0.4576331712 -4.389834834e-21)
(2.005587375 0.4198432693 5.000532641e-21)
(1.959090146 0.3882756721 -4.451861387e-21)
(1.918794222 0.3601982149 -3.303198762e-21)
(1.874399587 0.3333759362 6.388928204e-21)
(1.807537227 0.3004857471 0)
(1.797354324 0.1943089987 0)
(2.20517186 0.7774474155 7.919715805e-21)
(2.114836622 0.6811937375 -8.132592782e-21)
(2.041601184 0.5980937043 6.218868267e-21)
(1.983116245 0.524689737 1.315482961e-21)
(1.937279453 0.4587863221 1.500878028e-20)
(1.901420301 0.3990921613 6.469330221e-21)
(1.871252334 0.3442676767 0)
(1.839232063 0.2919246026 6.232208579e-21)
(1.790025819 0.244246588 1.121089258e-20)
(1.703374203 0.3029469148 0)
(2.052229782 0.9012285916 1.760859465e-28)
(1.976161894 0.7873567362 -1.438353279e-20)
(1.912326994 0.6856159561 -8.033642204e-21)
(1.859372194 0.5895375374 8.167013111e-21)
(1.816919728 0.4930583924 1.469039219e-20)
(1.785727814 0.3919528424 6.09792992e-21)
(1.767476784 0.288038564 0)
(1.764294964 0.1964843473 0)
(1.780711409 0.1505090763 5.769175836e-21)
(1.600788184 0.3534059922 0)
(1.882543762 1.007108495 1.304520647e-28)
(1.819065009 0.8925319876 -6.118266272e-21)
(1.761638049 0.7991121678 -6.547294744e-21)
(1.706399 0.7266528318 6.269081005e-21)
(1.649606033 0.6762785526 1.198283522e-20)
(1.588854954 0.6486511951 -2.88678968e-21)
(1.526259303 0.6395248531 2.544891749e-21)
(1.473909981 0.6320926702 2.286114016e-21)
(1.458166629 0.5904238644 7.93223363e-21)
(1.600788184 0.3534059922 0)
(1.705202093 1.081655464 -3.252325662e-22)
(1.664967687 0.9554022108 -8.851058e-22)
(1.632454712 0.8482332315 0)
(1.607533997 0.7562115701 3.582354503e-21)
(1.590255788 0.67605962 1.450175374e-20)
(1.579442878 0.6050389482 4.514791738e-21)
(1.569755276 0.5413881828 5.718644752e-21)
(1.547399075 0.4851759542 0)
(1.488855612 0.4374086015 5.07543316e-21)
(1.398910167 0.3841630846 0)
(1.514879387 1.12601187 -6.380562091e-21)
(1.494922204 0.9919321006 7.026946563e-21)
(1.478997116 0.8751106092 -1.547691787e-21)
(1.467624858 0.7701018385 -4.11757838e-21)
(1.461641953 0.6720884976 -5.244583472e-21)
(1.462323676 0.577266448 6.125452756e-21)
(1.471292609 0.4843774397 9.52224556e-21)
(1.489285365 0.397635244 1.297538075e-20)
(1.510289395 0.3297742016 0)
(1.329221137 0.3519505294 0)
(1.319227673 1.144611679 -6.2899705e-21)
(1.315178735 1.013068327 4.609059133e-21)
(1.309373122 0.9014014041 -6.833935943e-21)
(1.300767106 0.8070577466 0)
(1.28784751 0.7288209053 -4.921662054e-21)
(1.269192683 0.6660686056 -5.047229091e-21)
(1.245162583 0.6169020437 -9.880889479e-21)
(1.221490739 0.5752607507 4.412807257e-21)
(1.214862457 0.5312443533 1.007245302e-20)
(1.29565669 0.4628396039 0)
(1.127935409 1.134933205 3.921753024e-22)
(1.143677061 1.005368879 5.106752584e-21)
(1.15674435 0.8937587857 -6.457711571e-23)
(1.168683698 0.7956877158 0)
(1.181358599 0.7071263036 0)
(1.196503298 0.6248439108 0)
(1.214034487 0.5481660212 7.039146589e-21)
(1.228991821 0.4819475916 7.797175031e-21)
(1.230676177 0.4360420549 7.824473566e-21)
(1.195683643 0.3572154348 0)
(0.9422587851 1.09901635 -3.788362273e-29)
(0.974908143 0.9765471104 6.843600376e-21)
(1.000372901 0.8736067849 2.793365057e-21)
(1.018297246 0.7882945384 -4.223749277e-21)
(1.027441189 0.7198678213 -4.895188279e-21)
(1.026480947 0.6676477158 -5.323110101e-21)
(1.016445388 0.6283837677 -5.545737106e-21)
(1.00484335 0.5916267145 -5.730658533e-21)
(1.006500827 0.5358166587 3.595174355e-21)
(1.130664656 0.4126182387 0)
(0.7675506803 1.034106482 -4.314873911e-22)
(0.8213518475 0.9159956946 1.741679997e-21)
(0.8691836402 0.8127385628 -5.724091498e-21)
(0.915118839 0.7198034734 3.69943885e-21)
(0.9633292919 0.6330140314 0)
(1.017096399 0.5488038658 3.385975651e-21)
(1.075749128 0.4655565546 -8.616741891e-21)
(1.129216739 0.38665058 -6.697331652e-21)
(1.154254531 0.3251002835 -1.055892983e-20)
(0.9895462114 0.3796120407 0)
(0.6030104104 0.947948643 8.529466289e-22)
(0.6670715562 0.842447827 7.183921752e-21)
(0.7188011579 0.7512473537 -1.03409656e-20)
(0.7592054773 0.6715431656 5.549134421e-21)
(0.7886886974 0.6013117201 5.343951905e-21)
(0.8078590753 0.5397291601 2.98934855e-21)
(0.8192871929 0.4879950934 0)
(0.8303521219 0.4502749407 2.770747383e-21)
(0.8551112837 0.4331008244 0)
(0.9895462114 0.3796120407 0)
(0.4585400537 0.8427228077 0)
(0.5356572464 0.7519018471 3.093814099e-21)
(0.5982642258 0.6759994278 -2.960977045e-21)
(0.6471507973 0.6137279881 -5.188580479e-22)
(0.6822998603 0.5644019595 7.792707962e-21)
(0.7034924791 0.5269937169 8.229964993e-21)
(0.7118332069 0.4981993618 0)
(0.7126348056 0.4695019937 -3.713306022e-21)
(0.7195317269 0.425400753 -8.706585402e-21)
(0.8878995551 0.3740378698 0)
(0.3358058923 0.7145507634 3.113055752e-21)
(0.4313626689 0.6353400929 0)
(0.5149845178 0.5670326251 1.944071716e-21)
(0.5916134495 0.5069551465 -2.034797326e-21)
(0.665946128 0.4526919616 -2.155950598e-21)
(0.7415996987 0.4021023391 2.22021576e-21)
(0.8184787277 0.3538404125 8.747064284e-21)
(0.8878961158 0.3083164408 1.932219416e-22)
(0.9276379433 0.2675274119 -1.258006211e-20)
(0.7799517135 0.258147053 0)
(0.2309669365 0.5691662643 1.046942329e-21)
(0.3338000755 0.5054562711 0)
(0.4203759553 0.4497714074 1.914341112e-21)
(0.4932671324 0.4003597476 1.528654202e-21)
(0.5540612988 0.3559347382 -4.685842514e-21)
(0.6041275524 0.3158454274 -2.599883935e-21)
(0.6463260007 0.2803888109 -2.98203097e-21)
(0.6876553806 0.251275835 -5.552256459e-21)
(0.7397473369 0.2324891169 6.755189402e-22)
(0.7799517135 0.258147053 0)
(0.150870894 0.4134155922 -7.406676259e-22)
(0.2592264119 0.3672848521 0)
(0.3504158226 0.3269336045 -9.483418049e-22)
(0.4275428061 0.2913101958 2.148665529e-23)
(0.4930373902 0.2595641858 -2.933616238e-21)
(0.5487743037 0.2308714576 -6.08662699e-21)
(0.5959601242 0.2041511383 -3.118926804e-21)
(0.6351046428 0.1778236683 -3.98586322e-21)
(0.6684539225 0.1503400814 -3.731833686e-21)
(0.6932987409 0.1883503514 0)
(0.09700858871 0.2508968723 -1.132422375e-22)
(0.2089200574 0.2229705479 2.021654883e-22)
(0.303190436 0.1984487412 -1.877237069e-22)
(0.3830089045 0.1767083946 -8.211473072e-22)
(0.4508445795 0.1572559949 -2.908616712e-21)
(0.5085556227 0.1397123659 -3.310944126e-21)
(0.5573950173 0.123799988 -1.68455374e-21)
(0.5977615142 0.1091777661 1.319177846e-22)
(0.6277388356 0.09444216818 0)
(0.6572189152 0.1018244622 0)
(0.06980840231 0.08469443233 0)
(0.183131494 0.07532511464 7.577661998e-23)
(0.2784276977 0.06707883026 1.58278529e-22)
(0.3588146545 0.05975571778 6.034127562e-22)
(0.4267445936 0.05321997646 7.188365103e-22)
(0.4841983282 0.04742168089 4.082387604e-22)
(0.5328554378 0.04243463829 -3.783420608e-22)
(0.5742791862 0.03852952573 -4.14076798e-22)
(0.6103183663 0.03647157535 0)
(0.6514733337 0.001847072695 0)
(0.06972878419 -0.08260774186 -1.306597541e-22)
(0.1830527324 -0.07328264058 -1.524951915e-22)
(0.2783335342 -0.065024421 -7.340537263e-23)
(0.3586819911 -0.05763043973 -7.250148565e-23)
(0.4265516808 -0.05095197261 4.307028858e-22)
(0.483955587 -0.04491357021 4.081167148e-22)
(0.5326804565 -0.03954496882 0)
(0.5745207824 -0.03504429711 0)
(0.6116062114 -0.03205623564 0)
(0.6514733337 0.001847072695 0)
(0.09680992556 -0.2488737099 -2.165881322e-22)
(0.2088034814 -0.220983298 0)
(0.303161104 -0.1964451112 -1.860298486e-22)
(0.3830873442 -0.1746336306 2.207972161e-22)
(0.4510647102 -0.1550520743 1.616832644e-21)
(0.508954117 -0.1373245601 1.293112984e-21)
(0.5579800433 -0.1211964492 0)
(0.5984805966 -0.1063993461 -1.971304142e-21)
(0.6286537988 -0.09173798791 -2.398761491e-21)
(0.6572418492 -0.0978812088 0)
(0.1505767491 -0.4115543355 7.374853286e-22)
(0.2590841178 -0.3654616742 0)
(0.3504350422 -0.3251234143 0)
(0.4277481477 -0.2894826903 1.366380177e-23)
(0.4934626318 -0.2576842098 -1.469463874e-21)
(0.5494684309 -0.2289025582 6.574437826e-23)
(0.597013119 -0.2020597893 4.269611552e-21)
(0.6366342112 -0.1755601172 3.99902122e-21)
(0.6701466241 -0.1477066968 -4.247399333e-22)
(0.6933423925 -0.1841923123 0)
(0.2305968213 -0.5675327734 -1.274141156e-21)
(0.3336183881 -0.5038732405 -1.249008975e-21)
(0.4204193074 -0.4482558336 -3.802003426e-21)
(0.4936175246 -0.398922784 -1.633199295e-21)
(0.5548381843 -0.3545682957 -7.656228558e-21)
(0.6054249283 -0.3144902867 -2.612556999e-21)
(0.648044047 -0.2788834023 7.15676266e-22)
(0.6892770133 -0.249290927 -1.524957671e-21)
(0.7406604086 -0.2294508036 0)
(0.7812841822 -0.2534253654 0)
(0.3353552802 -0.713143849 -2.64908058e-21)
(0.4310184162 -0.6339781193 1.290094858e-21)
(0.5146682934 -0.5657636518 -4.306953255e-21)
(0.5912210235 -0.5058614538 2.57220972e-21)
(0.6654044247 -0.4519005373 -1.259750666e-21)
(0.7410506191 -0.4017782712 -2.218489428e-21)
(0.8187042926 -0.3541423819 0)
(0.8909978645 -0.309317036 -1.929579856e-21)
(0.9373268976 -0.2692664453 8.596732937e-21)
(0.7812841822 -0.2534253654 0)
(0.4582108002 -0.8415912649 -7.512595151e-29)
(0.5356690834 -0.7507019201 6.134615179e-21)
(0.5986832168 -0.6747358719 1.187810816e-21)
(0.6481110485 -0.612405286 -5.946747302e-22)
(0.6839677794 -0.5630689545 -2.78962262e-21)
(0.705913597 -0.525859527 -2.56133373e-21)
(0.7145463818 -0.4978841156 0)
(0.7140266748 -0.4714373978 0)
(0.7165204498 -0.4320742423 -2.281517281e-21)
(0.8634755199 -0.3752865797 0)
(0.602683626 -0.9471862756 -6.850150244e-29)
(0.6668786097 -0.8416890362 4.722617175e-21)
(0.7186409094 -0.7505740547 3.371267434e-21)
(0.7589111725 -0.6710808823 -3.193232562e-21)
(0.7880200461 -0.6012140131 -6.158938411e-21)
(0.8065358863 -0.5400975504 8.94842012e-21)
(0.8171132466 -0.4886755801 6.425941052e-21)
(0.8273887465 -0.4505384972 6.799989641e-21)
(0.8513711482 -0.4316076925 4.454900735e-21)
(0.9926162235 -0.3797576074 0)
(0.7672901087 -1.033560559 -4.320744952e-22)
(0.8211922707 -0.9153645231 -1.180744611e-21)
(0.8690253267 -0.8120029781 0)
(0.9148190572 -0.7189381456 4.895492745e-21)
(0.9626787681 -0.631987005 8.64903294e-21)
(1.015784009 -0.5476062222 1.802667443e-20)
(1.073325089 -0.4642735204 8.599087071e-21)
(1.125146533 -0.3855033664 0)
(1.148482048 -0.3240126135 -2.969177029e-21)
(0.9926162235 -0.3797576074 0)
(0.9421517467 -1.098683569 4.903724973e-21)
(0.9749549116 -0.9760498432 -3.56639017e-21)
(1.000535323 -0.8728823019 -1.662496453e-21)
(1.018561047 -0.7872362212 -4.235436507e-21)
(1.027822136 -0.7182945976 4.112218162e-21)
(1.027031948 -0.6652676241 5.348944036e-21)
(1.017242437 -0.6247707148 1.501705703e-20)
(1.005879891 -0.5863119635 2.062380857e-21)
(1.007265456 -0.5288827577 0)
(1.129451342 -0.4246412152 0)
(1.12802457 -1.134843774 5.012853654e-21)
(1.143922697 -1.005112857 -6.175499815e-21)
(1.157127136 -0.8933165918 3.263589468e-21)
(1.169210702 -0.7950265165 0)
(1.182069412 -0.7061943996 4.420451855e-21)
(1.197485979 -0.6235554736 -6.180914411e-21)
(1.215456397 -0.5463525702 -2.987872427e-21)
(1.231158474 -0.4792028152 -3.943657144e-21)
(1.234149402 -0.4312378129 4.325119407e-21)
(1.196468754 -0.3663136955 0)
(1.319545619 -1.144737702 3.733848757e-22)
(1.315641049 -1.013029208 -5.618644469e-21)
(1.309973451 -0.9012074284 -6.050538924e-23)
(1.301518543 -0.8067175867 0)
(1.288784016 -0.7283508713 0)
(1.27037451 -0.6655077568 0)
(1.246689737 -0.6163402661 5.335106773e-21)
(1.223543192 -0.5748950072 5.534631066e-21)
(1.217832919 -0.5315007114 -8.498095861e-21)
(1.298594415 -0.4618786445 0)
(1.515444486 -1.126310761 4.943327062e-29)
(1.495609154 -0.9920693018 -4.046217403e-21)
(1.479810816 -0.8751123924 -7.289225752e-21)
(1.468581388 -0.7699922742 -4.12677004e-21)
(1.46276907 -0.6718980597 -5.122022704e-21)
(1.463664367 -0.5770424153 -6.13908588e-21)
(1.472911687 -0.4842008499 -7.204789111e-21)
(1.491266174 -0.3976614034 -8.279830368e-21)
(1.512653628 -0.3303578171 -4.62405818e-21)
(1.331280447 -0.3518595078 0)
(1.706009349 -1.082077224 -3.2589533e-22)
(1.665862572 -0.9556777706 -8.278114246e-21)
(1.633453531 -0.8483955844 4.851355982e-21)
(1.608658007 -0.7562881668 -5.986035748e-21)
(1.591526545 -0.676078846 0)
(1.580866806 -0.6050413747 -5.637999652e-21)
(1.571289443 -0.5414474761 -5.729528006e-21)
(1.548896915 -0.4854214235 -1.152613724e-20)
(1.490035443 -0.4379798252 -6.283662529e-21)
(1.400489334 -0.3843106786 0)
(1.883559507 -1.007596251 5.586817996e-22)
(1.820114371 -0.892907341 -1.370685888e-20)
(1.762728447 -0.7994208507 1.083843406e-20)
(1.707532984 -0.7269440903 -4.863921547e-21)
(1.650785525 -0.6766019831 2.93109123e-21)
(1.590092207 -0.6490386064 -5.742538553e-21)
(1.527602302 -0.6399445643 0)
(1.475485899 -0.6323729393 -5.381954157e-21)
(1.460215291 -0.5902058011 0)
(1.602125633 -0.3534986854 0)
(2.053443612 -0.9017130507 0)
(1.977385128 -0.787716269 -7.181073346e-21)
(1.913573743 -0.6858747438 6.831785948e-21)
(1.860654252 -0.5897137914 8.238469641e-21)
(1.81824886 -0.493171318 6.370178107e-21)
(1.787117189 -0.3920401412 -7.875590119e-22)
(1.768939975 -0.2881943574 0)
(1.765842524 -0.1969181918 -1.337841913e-20)
(1.78236227 -0.1515666372 -2.471800144e-21)
(1.602125633 -0.3534986854 0)
(2.20656301 -0.7779037851 -7.694917483e-21)
(2.116209325 -0.6815470503 0)
(2.042971316 -0.5983684883 9.874580951e-22)
(1.984490694 -0.5249090573 1.515401193e-20)
(1.938652867 -0.4589754646 6.727473338e-21)
(1.902768552 -0.399280973 -6.47379536e-21)
(1.87252272 -0.3444891366 4.403424816e-21)
(1.840328695 -0.29221568 9.652123513e-23)
(1.790776664 -0.2447077134 6.341376848e-22)
(1.7044789 -0.3027994731 0)
(2.329235472 -0.6328589127 -4.080972521e-21)
(2.223069723 -0.5622387447 0)
(2.135868786 -0.5045519016 6.38002643e-22)
(2.064601487 -0.4578679603 4.361534627e-21)
(2.007001343 -0.4200384371 5.954791739e-21)
(1.960469386 -0.388418842 -4.455793145e-21)
(1.920090603 -0.3602637958 -4.487496762e-21)
(1.875510448 -0.3333249926 5.116625578e-21)
(1.808289143 -0.3002162579 -3.097447133e-21)
(1.798511187 -0.1946903581 0)
(2.418404633 -0.4659905514 4.168024256e-21)
(2.298228487 -0.4181532593 0)
(2.194578274 -0.3829071309 -1.781862998e-22)
(2.102534366 -0.3624601629 -7.406088149e-21)
(2.018133005 -0.3601009017 -2.746867988e-22)
(1.939230656 -0.3786624247 -3.438201478e-21)
(1.867663973 -0.4160919693 -2.944727797e-21)
(1.813007011 -0.4574519165 6.434866466e-22)
(1.796573207 -0.4688474935 -2.403889303e-21)
(1.824696608 -0.1484912742 0)
(2.484173634 -0.2801911307 -2.326662866e-23)
(2.358979688 -0.2397627273 -2.007907955e-21)
(2.252844861 -0.1998222614 1.91563105e-21)
(2.161825951 -0.1553229523 -3.996651069e-21)
(2.083147549 -0.1009023086 -9.801519588e-22)
(2.015483459 -0.03257769345 -1.386036491e-21)
(1.959583344 0.04733046228 -2.591189264e-21)
(1.919609655 0.1214647175 -1.61288806e-21)
(1.90667487 0.1511849984 0)
(1.824696608 -0.1484912742 0)
(2.523134768 -0.09364221914 0)
(2.396807335 -0.0785632185 -2.029137541e-21)
(2.293358883 -0.06415996053 1.96278669e-21)
(2.209155114 -0.04965488718 6.287432089e-23)
(2.141384438 -0.03488739151 8.336486357e-23)
(2.087063011 -0.01980057844 5.264519601e-23)
(2.041544944 -0.002796763662 -1.789634235e-21)
(1.996108764 0.02140171895 -1.76862892e-21)
(1.933818428 0.05612586253 0)
(1.856910344 0.01685934279 0)
(2.523136923 0.09364401679 -2.13216843e-21)
(2.396809192 0.07856789091 1.320599053e-23)
(2.293360433 0.0641669396 -1.940827979e-21)
(2.209156355 0.04966365577 -1.868760366e-21)
(2.141385368 0.03489747995 1.768877805e-21)
(2.087063628 0.01981155783 -5.263592379e-23)
(2.041545241 0.002808237388 0)
(1.996108727 -0.02139012589 0)
(1.933818027 -0.05611451816 0)
(1.856909174 -0.01685043997 0)
(2.48418017 0.2801937232 -2.116316916e-21)
(2.358985316 0.2397682853 0)
(2.252849566 0.1998302029 -1.915635551e-21)
(2.161829738 0.155332765 1.822538809e-21)
(2.083150435 0.1009135518 1.275724803e-21)
(2.015485466 0.03259 -4.073942971e-21)
(1.9595845 -0.04731737958 0)
(1.919609999 -0.1214510467 1.17309083e-21)
(1.906674484 -0.1511707756 -1.882267479e-21)
(1.824692867 0.1485015322 0)
(2.418415736 0.4659947776 4.168044217e-21)
(2.298238022 0.4181605864 0)
(2.194586239 0.3829169233 0)
(2.102540801 0.3624718712 7.406082699e-21)
(2.018137983 0.3601140676 1.373028512e-22)
(1.939234284 0.3786766921 -9.211840058e-25)
(1.867666396 0.4161070951 3.537536194e-21)
(1.813008417 0.4574677688 6.435902661e-22)
(1.796573841 0.4688639943 -3.130297537e-21)
(1.824692867 0.1485015322 0)
(2.329251408 0.632865727 -4.00257353e-21)
(2.223083328 0.5622488204 4.221300104e-22)
(2.135880073 0.5045644857 -6.772789646e-21)
(2.064610513 0.457882354 4.393332815e-21)
(2.007008206 0.4200539613 -5.002852971e-21)
(1.960474229 0.3884347991 4.455712274e-21)
(1.920093624 0.3602794283 3.30537133e-21)
(1.875511903 0.3333394513 -6.392474226e-21)
(1.808289309 0.300228597 0)
(1.798508843 0.1947065784 0)
(2.206584137 0.7779143625 -7.924755482e-21)
(2.116227218 0.6815611724 8.138347601e-21)
(2.042986001 0.598385347 -6.222242092e-21)
(1.984502197 0.5249279343 -1.317219223e-21)
(1.938661194 0.4589956865 -1.501995818e-20)
(1.902773683 0.399301872 -6.47383852e-21)
(1.872524599 0.3445100101 0)
(1.840327238 0.2922357503 -6.236063334e-21)
(1.790771773 0.2447260871 -1.121125162e-20)
(1.704473157 0.3028235891 0)
(2.053470349 0.9017287462 -1.761909216e-28)
(1.977407653 0.7877358197 1.439226766e-20)
(1.913592171 0.6858973659 8.03975194e-21)
(1.860668637 0.58973886 -8.173675586e-21)
(1.818259182 0.4931983233 -1.470196411e-20)
(1.787123346 0.3920686696 -6.102448431e-21)
(1.768941773 0.2882240941 0)
(1.765839673 0.1969489594 0)
(1.782354409 0.1515985016 -5.775731327e-21)
(1.602113791 0.3535307086 0)
(1.883592127 1.007618484 -1.305231932e-28)
(1.820141843 0.8929335572 6.120943516e-21)
(1.76275107 0.7994503461 6.551174964e-21)
(1.707550946 0.7269763607 -6.2730562e-21)
(1.650798919 0.676636686 -1.199106732e-20)
(1.590101046 0.6490755595 2.887906933e-21)
(1.52760653 0.6399837502 -2.548386914e-21)
(1.475485392 0.6324144644 -2.292741406e-21)
(1.460209849 0.5902496537 -7.953418063e-21)
(1.602113791 0.3535307086 0)
(1.706047732 1.082107335 3.258701774e-22)
(1.665895014 0.9557116571 8.868533992e-22)
(1.633480557 0.8484326258 0)
(1.608679982 0.756327844 -3.589672827e-21)
(1.591543735 0.6761206179 -1.45236026e-20)
(1.580879451 0.6050845539 -4.531166145e-21)
(1.571297836 0.5414911044 -5.729099495e-21)
(1.548901458 0.4854642458 0)
(1.490036627 0.4380206624 -5.07992847e-21)
(1.400482187 0.3843572371 0)
(1.515488005 1.126349923 6.382873964e-21)
(1.495646147 0.9921118376 -7.03128777e-21)
(1.479841965 0.8751580524 1.550983581e-21)
(1.468607041 0.7700410018 4.126466664e-21)
(1.462789268 0.671949993 5.247234597e-21)
(1.463678826 0.5770979572 -6.138616101e-21)
(1.472919735 0.4842607706 -9.548097759e-21)
(1.491266732 0.3977268403 -1.299633638e-20)
(1.512645424 0.3304297196 0)
(1.33126663 0.3519217359 0)
(1.319593137 1.14478648 6.292107938e-21)
(1.315682034 1.013080482 -4.608127997e-21)
(1.310008835 0.9012612768 6.83874463e-21)
(1.301548942 0.8067740725 0)
(1.288809892 0.7284099109 4.923237133e-21)
(1.270396345 0.6655689537 5.063274641e-21)
(1.246708219 0.6164027137 9.902961182e-21)
(1.223559301 0.5749571789 -4.417468625e-21)
(1.217847544 0.5315608824 -1.010467407e-20)
(1.298600427 0.4619486496 0)
(1.128074315 1.134901973 -3.930101487e-22)
(1.143966482 1.005172478 -5.106883433e-21)
(1.157165907 0.8933783905 6.472816269e-23)
(1.169244868 0.7950913031 0)
(1.182098877 0.706263093 0)
(1.197510085 0.6236292119 0)
(1.215473799 0.5464329007 -7.069414303e-21)
(1.231167086 0.4792919526 -7.843253565e-21)
(1.23414684 0.4313388255 -7.81704033e-21)
(1.196468599 0.3663993699 0)
(0.9422015399 1.098749692 3.787720978e-29)
(0.9750003922 0.9761158724 -6.847292362e-21)
(1.000577572 0.872949568 -2.788275915e-21)
(1.018600747 0.7873059757 4.235273771e-21)
(1.027859722 0.7183681012 4.912225825e-21)
(1.027067726 0.6653462131 5.34866548e-21)
(1.017276716 0.6248557846 5.584185747e-21)
(1.005913124 0.5864047077 5.785858305e-21)
(1.007298275 0.5289833573 -3.579324059e-21)
(1.129470765 0.4247278224 0)
(0.7673373791 1.033631777 4.320727124e-22)
(0.8212377011 0.915433904 -1.736911317e-21)
(0.8690699649 0.8120721126 5.723833483e-21)
(0.9148637943 0.7190081518 -3.696689776e-21)
(0.9627245673 0.6320584967 0)
(1.015832128 0.5476792047 -3.380488533e-21)
(1.073377248 0.464347267 8.599119517e-21)
(1.12520488 0.385576426 6.670416925e-21)
(1.148548581 0.3240833641 1.050228903e-20)
(0.9926668567 0.3798625784 0)
(0.6027258745 0.9472590019 -8.541489652e-22)
(0.666921637 0.8417588318 -7.179355369e-21)
(0.7186850579 0.7506431294 1.033964028e-20)
(0.7589563334 0.6711510752 -5.547385887e-21)
(0.7880656056 0.601286964 -5.336748075e-21)
(0.8065805725 0.5401748968 -2.988372894e-21)
(0.8171549215 0.488759247 0)
(0.8274242847 0.4506311548 -2.766593302e-21)
(0.8513968045 0.4317134394 0)
(0.9926668567 0.3798625784 0)
(0.4582464983 0.8416607522 0)
(0.5357092446 0.7507676889 -3.090470231e-21)
(0.5987278222 0.6748006075 2.958071084e-21)
(0.6481598905 0.6124713459 5.064580414e-22)
(0.6840204742 0.5631386285 -7.835225009e-21)
(0.7059696027 0.5259352443 -8.266356727e-21)
(0.7146050958 0.4979685382 0)
(0.7140877238 0.4715331937 3.711421246e-21)
(0.7165843182 0.4321830667 8.649236231e-21)
(0.8635498174 0.3753809609 0)
(0.3353835618 0.7132041601 -3.108747769e-21)
(0.4310556191 0.634034047 0)
(0.5147142764 0.5658176115 -1.945203344e-21)
(0.5912761127 0.5059152111 2.027106083e-21)
(0.6654695858 0.4519552762 2.153077838e-21)
(0.7411277172 0.4018345272 -2.218765486e-21)
(0.8187963517 0.3541998856 -8.749416626e-21)
(0.8911090487 0.3093746198 -1.939264266e-22)
(0.9374615234 0.2693224839 1.271490339e-20)
(0.7813948602 0.2535173861 0)
(0.230617391 0.567578218 -1.044213347e-21)
(0.3336512637 0.5039145658 0)
(0.4204634222 0.4482951074 -1.917626993e-21)
(0.4936720388 0.3989615596 -1.535805107e-21)
(0.5549021978 0.3546077784 4.690372022e-21)
(0.6054971141 0.314531471 2.612855643e-21)
(0.6481222306 0.2789272162 2.998131367e-21)
(0.6893579431 0.2493383586 5.562463445e-21)
(0.7407405557 0.2295027495 -6.709924104e-22)
(0.7813948602 0.2535173861 0)
(0.1505908861 0.4115802535 7.375336131e-22)
(0.2591132726 0.3654845434 0)
(0.3504777041 0.3251447908 9.497298303e-22)
(0.4278033403 0.2895038134 -1.360093214e-23)
(0.4935297768 0.2577061755 2.939344928e-21)
(0.5495472947 0.2289264604 6.104942404e-21)
(0.5971038128 0.2020868273 3.13220497e-21)
(0.6367370525 0.1755916799 3.999662964e-21)
(0.6702610457 0.1477446251 3.750835807e-21)
(0.6934647647 0.1842461677 0)
(0.09681998521 0.2488767643 1.133271812e-22)
(0.2088302586 0.2209849015 -2.004827974e-22)
(0.3032027984 0.1964460516 1.860334136e-22)
(0.3831428723 0.1746344892 8.258585324e-22)
(0.4511335685 0.1550533254 2.912315752e-21)
(0.5090362732 0.1373267026 3.316078661e-21)
(0.5580757713 0.1212002316 1.690029594e-21)
(0.5985902995 0.1064061254 -1.296324296e-22)
(0.6287785465 0.09175008882 0)
(0.6573786956 0.09789140068 0)
(0.06973784504 0.0825862058 0)
(0.1830790009 0.07326163941 -7.40306879e-23)
(0.2783748731 0.0650039838 -1.600583733e-22)
(0.3587368448 0.05761055395 -6.034237152e-22)
(0.4266189296 0.05093254361 -7.187759257e-22)
(0.4840346398 0.04489432332 -4.081842636e-22)
(0.5327717342 0.03952526443 3.808302668e-22)
(0.5746266702 0.0350228444 4.174255394e-22)
(0.6117317935 0.03203080639 0)
(0.6516188087 -0.001878303715 0)
(0.0698201055 -0.08474086405 1.32473435e-22)
(0.1831603639 -0.07536905067 1.525169065e-22)
(0.2784719762 -0.06712107978 7.518503757e-23)
(0.3588733349 -0.05979691728 7.43436228e-23)
(0.4268171472 -0.05326068875 -4.328179688e-22)
(0.4842843281 -0.04746253432 -4.083101904e-22)
(0.5329538919 -0.04247655887 0)
(0.5743875239 -0.03857413809 0)
(0.6104319425 -0.03652189821 0)
(0.6516188087 -0.001878303715 0)
(0.09702584851 -0.250966629 2.183697884e-22)
(0.2089525217 -0.2230361952 0)
(0.3032365495 -0.1985119672 1.877801608e-22)
(0.3830676843 -0.1767705138 -2.225643343e-22)
(0.4509154328 -0.1573180312 -1.617331504e-21)
(0.508638264 -0.139775046 -1.287057916e-21)
(0.5574895187 -0.1238636305 0)
(0.5978683289 -0.1092420306 1.968112028e-21)
(0.6278575314 -0.0945056309 2.399399994e-21)
(0.6573578682 -0.1018967347 0)
(0.1508961505 -0.4135048598 -7.408246609e-22)
(0.2592636253 -0.3673688384 0)
(0.3504638543 -0.3270146178 0)
(0.4276009404 -0.2913900565 -2.164984994e-23)
(0.493105249 -0.2596443456 1.466980646e-21)
(0.5488517161 -0.2309530071 -6.561071071e-23)
(0.596046824 -0.204234683 -4.263514794e-21)
(0.6351998624 -0.1779090106 -3.986383253e-21)
(0.6685571893 -0.1504255038 4.288678493e-22)
(0.6934247681 -0.1884599215 0)
(0.2310018499 -0.5692698447 1.276864232e-21)
(0.3338430674 -0.5055538988 1.247382978e-21)
(0.4204261415 -0.4498656259 3.804281418e-21)
(0.4933235469 -0.4004525627 1.626064533e-21)
(0.5541228202 -0.3560278229 7.645482457e-21)
(0.6041930781 -0.3159402849 2.599954639e-21)
(0.6463951804 -0.2804869025 -7.176655655e-22)
(0.687730149 -0.2513787383 1.530065683e-21)
(0.7398333913 -0.2325991717 0)
(0.7800583972 -0.2582860619 0)
(0.3358515224 -0.7146632557 2.654496132e-21)
(0.431413432 -0.6354465894 -1.296136505e-21)
(0.5150410108 -0.5671356534 4.310916153e-21)
(0.5916767188 -0.5070564966 -2.572303941e-21)
(0.666017747 -0.4527928752 1.265050352e-21)
(0.741681646 -0.4022037675 2.220639505e-21)
(0.8185727439 -0.3539435209 0)
(0.8880021857 -0.3084234537 1.923564015e-21)
(0.9277521712 -0.2676422697 -8.500108672e-21)
(0.7800583972 -0.2582860619 0)
(0.4585948724 -0.8428385707 7.522758889e-29)
(0.5357123305 -0.7520130651 -6.142800101e-21)
(0.5983201758 -0.6761089709 -1.197527071e-21)
(0.6472078988 -0.6138383606 6.072351358e-22)
(0.6823580934 -0.5645154584 2.807963574e-21)
(0.7035514728 -0.5271123862 2.562192775e-21)
(0.7118921879 -0.4983246141 0)
(0.7126926252 -0.4696338314 0)
(0.7195870156 -0.4255370827 2.26503055e-21)
(0.8879668123 -0.3741744558 0)
(0.6030724621 -0.9480613009 6.855977055e-29)
(0.6671297576 -0.8425573754 -4.724234627e-21)
(0.718856202 -0.7513560708 -3.37395938e-21)
(0.7592573792 -0.6716530331 3.195492326e-21)
(0.7887369002 -0.6014245556 6.162553927e-21)
(0.8079026903 -0.5398467094 -8.967938013e-21)
(0.8193256142 -0.4881190521 -6.455786607e-21)
(0.830386261 -0.4504068151 -6.836305835e-21)
(0.8551453372 -0.4332413526 -4.477309711e-21)
(0.9895894991 -0.3797569697 0)
(0.7676180113 -1.034211268 4.31472264e-22)
(0.8214133275 -0.9160986319 1.17922641e-21)
(0.8692409348 -0.8128409864 0)
(0.9151734339 -0.7199062361 -4.892196922e-21)
(0.9633826909 -0.6331175594 -8.64336036e-21)
(1.017150168 -0.548908334 -1.804403553e-20)
(1.075804607 -0.4656623659 -8.616570407e-21)
(1.129274213 -0.3867593518 0)
(1.154311893 -0.325216282 2.982974796e-21)
(0.9895894991 -0.3797569697 0)
(0.9423280117 -1.099110336 -4.905212333e-21)
(0.9749691773 -0.9766416107 3.570352799e-21)
(1.000427315 -0.8737029603 1.658478905e-21)
(1.018346118 -0.7883935183 4.22343896e-21)
(1.027485223 -0.7199707279 -4.11579512e-21)
(1.026520481 -0.667755587 -5.322625753e-21)
(1.016480305 -0.6284972865 -1.494622418e-20)
(1.004872891 -0.5917456947 -1.994289352e-21)
(1.00652346 -0.5359396025 0)
(1.130678819 -0.4127322013 0)
(1.128003176 -1.135013856 -5.014133559e-21)
(1.143735062 -1.00545203 6.173467006e-21)
(1.15679376 -0.8938449997 -3.26814612e-21)
(1.16872499 -0.7957777362 0)
(1.181391657 -0.7072210517 -4.421605534e-21)
(1.196527597 -0.624944457 6.158598761e-21)
(1.214049505 -0.5482734398 2.954347077e-21)
(1.228997823 -0.4820625474 3.946270502e-21)
(1.230674983 -0.4361639122 -4.241746876e-21)
(1.19567165 -0.357323948 0)
(1.319291651 -1.144677937 -3.725140813e-22)
(1.315233117 -1.013138058 5.617833005e-21)
(1.309419236 -0.9014742223 6.035318694e-23)
(1.300806009 -0.8071332306 0)
(1.287880142 -0.7288984871 0)
(1.269219911 -0.6661475965 0)
(1.245184991 -0.6169819456 -5.314877966e-21)
(1.221508076 -0.5753420318 -5.511460328e-21)
(1.214873224 -0.5313294631 8.48259279e-21)
(1.295652227 -0.4629313782 0)
(1.514937467 -1.126064492 -4.941884881e-29)
(1.494971031 -0.9919893898 4.048901061e-21)
(1.479037546 -0.8751720738 7.283803281e-21)
(1.467657329 -0.7701673249 4.117153851e-21)
(1.461666522 -0.6721581526 5.110003833e-21)
(1.462340079 -0.5773406232 6.124800888e-21)
(1.471300447 -0.4844563633 7.188550904e-21)
(1.489284509 -0.3977183578 8.262597463e-21)
(1.510280303 -0.329859697 4.616847579e-21)
(1.329195926 -0.3520323214 0)
(1.705253125 -1.081695576 3.251986869e-22)
(1.665010615 -0.955447265 8.271427746e-21)
(1.632490271 -0.848282214 -4.851360181e-21)
(1.607562769 -0.756263571 5.982828219e-21)
(1.590278273 -0.6761137171 0)
(1.579459535 -0.6050941853 5.634027738e-21)
(1.569766478 -0.5414437399 5.718103127e-21)
(1.547404918 -0.485231572 1.151239651e-20)
(1.48885565 -0.4374647366 6.2805837e-21)
(1.398897564 -0.384228785 0)
(1.882587071 -1.007138038 -5.576604221e-22)
(1.819101391 -0.8925667867 1.369974778e-20)
(1.761667935 -0.7991512474 -1.083511173e-20)
(1.706422698 -0.7266954889 4.862480381e-21)
(1.649623735 -0.6763242967 -2.9266813e-21)
(1.588866736 -0.6486996741 5.738398333e-21)
(1.526265128 -0.639575692 0)
(1.473909721 -0.6321451838 5.376997611e-21)
(1.458160134 -0.5904769746 0)
(1.600771766 -0.3534481725 0)
(2.05226526 -0.9012494247 0)
(1.976191729 -0.7873826633 7.176957511e-21)
(1.912351363 -0.6856459366 -6.827743823e-21)
(1.859391215 -0.5895707488 -8.231627668e-21)
(1.816933454 -0.4930941714 -6.360407124e-21)
(1.78573625 -0.3919906507 7.903983914e-22)
(1.767479931 -0.2880779818 0)
(1.764292885 -0.1965250762 1.336910453e-20)
(1.780704325 -0.1505507539 2.481403173e-21)
(1.600771766 -0.3534481725 0)
(2.20519993 -0.7774614365 7.690446828e-21)
(2.114860381 -0.6812123983 0)
(2.04162069 -0.5981159354 -9.858959535e-22)
(1.983131565 -0.5247146003 -1.514297087e-20)
(1.937290644 -0.458812971 -6.722913713e-21)
(1.901427418 -0.3991198176 6.469388357e-21)
(1.871255446 -0.3442956252 -4.399940807e-21)
(1.839231303 -0.291952222 -9.648594516e-23)
(1.790021455 -0.2442735239 -6.29232592e-22)
(1.703365892 -0.3029788506 0)
(2.327732245 -0.6324718483 4.078352689e-21)
(2.221609353 -0.5619249614 0)
(2.134433549 -0.5042930676 -6.370508141e-22)
(2.063181528 -0.4576520975 -4.357953509e-21)
(2.00559664 -0.4198636711 -5.951526325e-21)
(1.959096677 -0.3882967149 4.451755242e-21)
(1.918798104 -0.3602191208 4.483264018e-21)
(1.874400785 -0.3333960546 -5.115628823e-21)
(1.807535466 -0.3005046419 3.09631968e-21)
(1.797350478 -0.1943296761 0)
(2.416808612 -0.4656930187 -4.165277531e-21)
(2.296699897 -0.4178982384 0)
(2.193104141 -0.382674125 1.779861954e-22)
(2.101106873 -0.3622265343 7.401026692e-21)
(2.016744008 -0.3598477284 2.745331734e-22)
(1.937860679 -0.3783919017 3.435811441e-21)
(1.866261807 -0.4158673407 2.941968489e-21)
(1.811458436 -0.4574646664 -6.456185734e-22)
(1.794672007 -0.4694663473 2.394375978e-21)
(1.823406347 -0.1483498267 0)
(2.482501447 -0.2800181084 2.322474895e-23)
(2.357380776 -0.2396447459 2.006549959e-21)
(2.251302165 -0.1997607771 -1.914324278e-21)
(2.160325179 -0.1553258024 3.993533475e-21)
(2.081673179 -0.1009774974 9.784717076e-22)
(2.014012745 -0.03271489717 1.383941835e-21)
(1.958077519 0.04720193396 2.588894133e-21)
(1.918000131 0.1215450274 1.611523606e-21)
(1.904835317 0.1518476534 0)
(1.823406347 -0.1483498267 0)
(2.521408016 -0.09358560816 0)
(2.395155589 -0.07852938636 2.027740522e-21)
(2.291760456 -0.06414570312 -1.961394908e-21)
(2.207594722 -0.04965555096 -6.276941759e-23)
(2.139854743 -0.03489456241 -8.325098686e-23)
(2.085569725 -0.01980241394 -5.259398417e-23)
(2.040117124 -0.002784565813 1.788390585e-21)
(1.994816409 0.0214271418 1.767514479e-21)
(1.932800741 0.05621215936 0)
(1.855579103 0.01682747887 8.772245671e-35)
)
;

boundaryField
{
    oversetFaces
    {
        type            overset;
        coupledFringe   yes;
        setHoleCellValue yes;
        holeCellValue   (0 0 0);
        value           nonuniform 0();
    }
    in
    {
        type            fixedValue;
        value           uniform (1 0 0);
    }
    out
    {
        type            zeroGradient;
    }
    top
    {
        type            fixedValue;
        value           uniform (0 0 0);
    }
    bottom
    {
        type            fixedValue;
        value           uniform (0 0 0);
    }
    cylinder
    {
        type            fixedValue;
        value           uniform (0 0 0);
    }
    outerCylinder
    {
        type            zeroGradient;
    }
    frontAndBack
    {
        type            empty;
    }
}


// ************************************************************************* //
