/*--------------------------------*- C++ -*----------------------------------*\
| =========                 |                                                 |
| \\      /  F ield         | OpenFOAM Extend Project: Open source CFD        |
|  \\    /   O peration     | Version:  1.6-ext                               |
|   \\  /    A nd           | Web:      www.extend-project.de                 |
|    \\/     M anipulation  |                                                 |
\*---------------------------------------------------------------------------*/
FoamFile
{
    version     2.0;
    format      ascii;
    class       surfaceScalarField;
    location    "0";
    object      phi;
}
// * * * * * * * * * * * * * * * * * * * * * * * * * * * * * * * * * * * * * //

dimensions      [0 3 -1 0 0 0 0];

internalField   nonuniform List<scalar> 
3290
(
7.999760991e-06
2.390090839e-10
7.999518602e-06
2.423888124e-10
7.999271374e-06
2.472285173e-10
7.999022248e-06
2.491255047e-10
7.998782314e-06
2.39933789e-10
7.998576809e-06
2.055051235e-10
7.998454925e-06
1.218846038e-10
7.998505905e-06
-5.0980466e-11
7.998885537e-06
-3.796321368e-10
7.999859945e-06
-9.744077532e-10
8.00187866e-06
-2.01871545e-09
8.005698377e-06
-3.819717082e-09
8.012597203e-06
-6.898825864e-09
8.024756761e-06
-1.215955771e-08
8.045969243e-06
-2.121248214e-08
8.083001543e-06
-3.70322994e-08
8.148340689e-06
-6.533914603e-08
8.265926579e-06
-1.175858907e-07
8.483419632e-06
-2.174930528e-07
0
7.999766999e-06
4.720097614e-10
7.999527206e-06
4.821821108e-10
7.999274746e-06
4.996885316e-10
7.999005907e-06
5.179642582e-10
7.998721108e-06
5.247332664e-10
7.99842815e-06
4.984624316e-10
7.998147609e-06
4.024261857e-10
7.997921635e-06
1.749930249e-10
7.997828158e-06
-2.86155037e-10
7.998003398e-06
-1.149647364e-09
7.99867688e-06
-2.692197238e-09
8.000224406e-06
-5.367243678e-09
8.003244791e-06
-9.919210719e-09
8.008662673e-06
-1.757743974e-08
8.017845124e-06
-3.039493256e-08
8.03267826e-06
-5.186543549e-08
8.055457587e-06
-8.811847326e-08
8.088313847e-06
-1.504421506e-07
8.132062231e-06
-2.612414372e-07
0
7.999785083e-06
6.86926262e-10
7.999558329e-06
7.089370608e-10
7.999307236e-06
7.507808912e-10
7.999017941e-06
8.072594008e-10
7.998674404e-06
8.682702432e-10
7.998257419e-06
9.154471371e-10
7.997743283e-06
9.165622832e-10
7.997101817e-06
8.164596736e-10
7.996293061e-06
5.226007561e-10
7.995261087e-06
-1.176735561e-10
7.993921242e-06
-1.352351799e-09
7.99213202e-06
-3.578022537e-09
7.989630162e-06
-7.417352061e-09
7.985876019e-06
-1.382329723e-08
7.979675341e-06
-2.419425388e-08
7.968228415e-06
-4.041850968e-08
7.944659938e-06
-6.454999687e-08
7.891337337e-06
-9.711954933e-08
7.760912763e-06
-1.308168628e-07
0
7.999824214e-06
8.627124539e-10
7.999632718e-06
9.004332879e-10
7.999407642e-06
9.758560442e-10
7.999126405e-06
1.088497063e-09
7.998758274e-06
1.236400905e-09
7.998259402e-06
1.414319395e-09
7.997565323e-06
1.610641058e-09
7.996579401e-06
1.80238198e-09
7.995154795e-06
1.94720614e-09
7.993066103e-06
1.971018349e-09
7.989964494e-06
1.749258078e-09
7.985306546e-06
1.079925335e-09
7.978241815e-06
-3.526211518e-10
7.967438763e-06
-3.020245403e-09
7.950832219e-06
-7.587710041e-09
7.925327993e-06
-1.491428361e-08
7.886758512e-06
-2.598051554e-08
7.831431002e-06
-4.179203962e-08
7.764567768e-06
-6.395362887e-08
0
7.999891273e-06
9.714393853e-10
7.999766802e-06
1.024903876e-09
7.999607893e-06
1.134765397e-09
7.999389345e-06
1.307045263e-09
7.999074574e-06
1.551172194e-09
7.998608418e-06
1.880474901e-09
7.997906196e-06
2.312863373e-09
7.996836866e-06
2.871711865e-09
7.995197128e-06
3.586943883e-09
7.992671863e-06
4.496283552e-09
7.988774569e-06
5.646552351e-09
7.982759796e-06
7.09469764e-09
7.973499372e-06
8.90780356e-09
7.959318826e-06
1.116030044e-08
7.937807199e-06
1.392391634e-08
7.905654692e-06
1.723822397e-08
7.858649136e-06
2.102504073e-08
7.792032621e-06
2.482447482e-08
7.701162309e-06
2.691668301e-08
0
7.999986321e-06
9.85118335e-10
7.999962112e-06
1.049113075e-09
7.999914168e-06
1.182708804e-09
7.999823348e-06
1.397865347e-09
7.999660001e-06
1.714519883e-09
7.999377109e-06
2.163366823e-09
7.998899704e-06
2.790267874e-09
7.99810839e-06
3.663026593e-09
7.996813732e-06
4.881601356e-09
7.994716785e-06
6.593230303e-09
7.991349049e-06
9.014288419e-09
7.985983096e-06
1.246065104e-08
7.977503811e-06
1.738708879e-08
7.964231921e-06
2.443219025e-08
7.943699302e-06
3.44565352e-08
7.912386811e-06
4.855071533e-08
7.865403685e-06
6.800816619e-08
7.795752102e-06
9.44760575e-08
7.691006177e-06
1.316626082e-07
0
8.000100089e-06
8.850288575e-10
8.000199615e-06
9.49587185e-10
8.000296669e-06
1.085655207e-09
8.00038629e-06
1.308244555e-09
8.000457951e-06
1.642858853e-09
8.0004916e-06
2.129718103e-09
8.000451275e-06
2.830592078e-09
8.000274745e-06
3.839557242e-09
7.999856628e-06
5.299718056e-09
7.999020889e-06
7.428969643e-09
7.997475916e-06
1.055926091e-08
7.994741207e-06
1.51953598e-08
7.990028435e-06
2.209986074e-08
7.982052978e-06
3.240764718e-08
7.968755622e-06
4.775389153e-08
7.946977834e-06
7.032850319e-08
7.912457714e-06
1.025282864e-07
7.861861526e-06
1.450722457e-07
7.80379065e-06
1.897334843e-07
0
8.00021486e-06
6.701690193e-10
8.000441514e-06
7.229329498e-10
8.000692383e-06
8.347859187e-10
8.00098116e-06
1.019468299e-09
8.001323478e-06
1.300540129e-09
8.001737598e-06
1.715598762e-09
8.002244991e-06
2.323198615e-09
8.002870586e-06
3.213962288e-09
8.003641964e-06
4.528340052e-09
8.004585851e-06
6.485082876e-09
8.00571787e-06
9.427242105e-09
8.007015876e-06
1.389735376e-08
8.008353389e-06
2.076234738e-08
8.009335191e-06
3.142584561e-08
8.008888265e-06
4.820081707e-08
8.004221893e-06
7.499487493e-08
7.988091419e-06
1.186587603e-07
7.941259283e-06
1.919043817e-07
7.810560752e-06
3.204320159e-07
0
8.000308662e-06
3.615066394e-10
8.000640364e-06
3.912315351e-10
8.001020708e-06
4.544421229e-10
8.001480843e-06
5.593330192e-10
8.00206136e-06
7.200226439e-10
8.002817775e-06
9.591839203e-10
8.003828571e-06
1.312402804e-09
8.005207258e-06
1.835275619e-09
8.007120618e-06
2.614979719e-09
8.009816356e-06
3.789344723e-09
8.013664735e-06
5.578863424e-09
8.019220309e-06
8.341779792e-09
8.027310719e-06
1.267193694e-08
8.039157362e-06
1.957920273e-08
8.056522146e-06
3.083603345e-08
8.081846578e-06
4.967044219e-08
8.118305858e-06
8.219948126e-08
8.169752855e-06
1.404573841e-07
8.241401242e-06
2.487836292e-07
0
8.000361507e-06
8.000752738e-06
8.00120718e-06
8.001766513e-06
8.002486536e-06
8.00344572e-06
8.004758123e-06
8.006593398e-06
8.009208378e-06
8.012997723e-06
8.018576586e-06
8.026918366e-06
8.039590303e-06
8.059169506e-06
8.090005539e-06
8.139675981e-06
8.221875463e-06
8.362332847e-06
8.611116476e-06
3.947647898e-07
-3.947647898e-07
7.737995944e-07
-3.790348046e-07
1.124395295e-06
-3.505957001e-07
1.438533856e-06
-3.141385612e-07
1.712921073e-06
-2.743872168e-07
1.947983386e-06
-2.350623136e-07
2.146552084e-06
-1.985686978e-07
2.312694781e-06
-1.661426967e-07
2.450869393e-06
-1.381746126e-07
2.565400207e-06
-1.145308135e-07
2.66020354e-06
-9.480333335e-08
2.73867973e-06
-7.847619015e-08
2.803703194e-06
-6.502346401e-08
2.857663072e-06
-5.395987828e-08
2.902524873e-06
-4.48618009e-08
2.939896411e-06
-3.737153787e-08
2.971089609e-06
-3.119319825e-08
2.997174634e-06
-2.608502477e-08
3.019025492e-06
-2.185085791e-08
3.037357542e-06
-1.833204953e-08
3.052757916e-06
-1.54003743e-08
3.065709996e-06
-1.29520804e-08
3.076613021e-06
-1.090302468e-08
3.085797778e-06
-9.184756697e-09
3.093539173e-06
-7.741395519e-09
3.100066324e-06
-6.527150616e-09
3.105570681e-06
-5.504357506e-09
3.110212602e-06
-4.641920496e-09
3.114126678e-06
-3.914075678e-09
3.117426083e-06
-3.299405214e-09
3.120206132e-06
-2.780048801e-09
3.122547202e-06
-2.341070059e-09
3.124517147e-06
-1.969945005e-09
3.126173294e-06
-1.656147069e-09
3.127564102e-06
-1.39080876e-09
3.128730547e-06
-1.166444486e-09
3.129707269e-06
-9.767223741e-10
3.130523545e-06
-8.162755538e-10
3.13120409e-06
-6.805453365e-10
3.131769741e-06
-5.656503082e-10
3.132238017e-06
-4.682765264e-10
3.132623602e-06
-3.855849614e-10
3.132938735e-06
-3.151330458e-10
3.133193543e-06
-2.548077698e-10
3.133396311e-06
-2.027682116e-10
3.133553707e-06
-1.573957394e-10
3.133670957e-06
-1.172504044e-10
3.133751989e-06
-8.103225804e-11
3.133799536e-06
-4.754649432e-11
-1.567144559e-11
4.227292063e-07
-8.174939961e-07
8.243579993e-07
-7.806635977e-07
1.189207982e-06
-7.154456824e-07
1.509202907e-06
-6.341334867e-07
1.782832005e-06
-5.480163146e-07
2.012860918e-06
-4.650912267e-07
2.2041983e-06
-3.899060797e-07
2.36241581e-06
-3.24360207e-07
2.492902804e-06
-2.686616067e-07
2.600471273e-06
-2.22099282e-07
2.689229562e-06
-1.835616229e-07
2.762595677e-06
-1.518423053e-07
2.82337178e-06
-1.257995671e-07
2.873837421e-06
-1.044255193e-07
2.915840886e-06
-8.686526502e-08
2.950880115e-06
-7.241076732e-08
2.980170796e-06
-6.048387881e-08
3.004702031e-06
-5.061625991e-08
3.02528114e-06
-4.242996733e-08
3.042569397e-06
-3.562030674e-08
3.057110427e-06
-2.994140397e-08
3.069352751e-06
-2.519440401e-08
3.079667708e-06
-2.121798222e-08
3.088363742e-06
-1.788079016e-08
3.095697819e-06
-1.507547319e-08
3.101884611e-06
-1.271394247e-08
3.107103891e-06
-1.072363748e-08
3.111506537e-06
-9.044565969e-09
3.115219413e-06
-7.626952487e-09
3.118349371e-06
-6.429363216e-09
3.120986527e-06
-5.417203957e-09
3.123206968e-06
-4.561511329e-09
3.125074998e-06
-3.837975127e-09
3.126644995e-06
-3.226143685e-09
3.127962961e-06
-2.708774788e-09
3.129067819e-06
-2.271302899e-09
3.129992496e-06
-1.901399782e-09
3.130764831e-06
-1.588610476e-09
3.131408336e-06
-1.324050334e-09
3.131942838e-06
-1.100151731e-09
3.132385013e-06
-9.104513313e-10
3.132748838e-06
-7.494105441e-10
3.133045968e-06
-6.122631742e-10
3.133286046e-06
-4.948853728e-10
3.133476961e-06
-3.936838244e-10
3.133625065e-06
-3.05498789e-10
3.133735333e-06
-2.27519139e-10
3.133811508e-06
-1.572069465e-10
3.133856191e-06
-9.222949512e-11
-3.039683333e-11
4.882054718e-07
-1.305699468e-06
9.403009631e-07
-1.232759089e-06
1.333763001e-06
-1.10890772e-06
1.662300108e-06
-9.626705935e-07
1.93025439e-06
-8.159705973e-07
2.146523409e-06
-6.813602459e-07
2.320724304e-06
-5.641069746e-07
2.461435553e-06
-4.650714557e-07
2.57568028e-06
-3.829063337e-07
2.668982677e-06
-3.154016787e-07
2.74561947e-06
-2.601984167e-07
2.808893889e-06
-2.151167238e-07
2.861370098e-06
-1.782757764e-07
2.905055662e-06
-1.481110831e-07
2.941537781e-06
-1.233473843e-07
2.972083483e-06
-1.029564694e-07
2.99771324e-06
-8.611363573e-08
3.019255451e-06
-7.215847057e-08
3.037387215e-06
-6.056173107e-08
3.052665236e-06
-5.08983279e-08
3.06554955e-06
-4.282571758e-08
3.076421956e-06
-3.60668109e-08
3.085600506e-06
-3.039653138e-08
3.093350983e-06
-2.563126794e-08
3.099896108e-06
-2.162059754e-08
3.105422943e-06
-1.824077748e-08
3.110088919e-06
-1.538961352e-08
3.11402675e-06
-1.298239718e-08
3.117348473e-06
-1.094867516e-08
3.120148777e-06
-9.229667876e-09
3.12250777e-06
-7.776196221e-09
3.124493266e-06
-6.547007849e-09
3.12616271e-06
-5.507419017e-09
3.127564773e-06
-4.628206894e-09
3.1287407e-06
-3.884701696e-09
3.129725436e-06
-3.256039056e-09
3.130548578e-06
-2.724541528e-09
3.131235172e-06
-2.275204668e-09
3.13180639e-06
-1.895268154e-09
3.132280095e-06
-1.573856348e-09
3.132671319e-06
-1.301675716e-09
3.132992667e-06
-1.070758942e-09
3.133254652e-06
-8.742474048e-10
3.133465971e-06
-7.06205194e-10
3.133633747e-06
-5.614589708e-10
3.133763707e-06
-4.354589321e-10
3.133860344e-06
-3.241568387e-10
3.133927035e-06
-2.238976515e-10
3.133966127e-06
-1.313217591e-10
-4.327511871e-11
6.178772567e-07
-1.923576725e-06
1.160481175e-06
-1.775363008e-06
1.593740115e-06
-1.54216666e-06
1.923100101e-06
-1.29203058e-06
2.169561682e-06
-1.062432178e-06
2.35497367e-06
-8.667722336e-07
2.496787449e-06
-7.05920754e-07
2.607506881e-06
-5.757908876e-07
2.695688556e-06
-4.710880082e-07
2.767121809e-06
-3.868349324e-07
2.825764702e-06
-3.188413096e-07
2.874388907e-06
-2.637409284e-07
2.91499622e-06
-2.188830893e-07
2.949080016e-06
-1.82194879e-07
2.977788297e-06
-1.520556655e-07
3.002026299e-06
-1.271944716e-07
3.022522423e-06
-1.066097597e-07
3.039871877e-06
-8.950792449e-08
3.054566598e-06
-7.525645241e-08
3.067016543e-06
-6.334827291e-08
3.077565384e-06
-5.337455802e-08
3.086502453e-06
-4.50038806e-08
3.094072085e-06
-3.796616308e-08
3.100481064e-06
-3.204024699e-08
3.105904677e-06
-2.704421017e-08
3.110491679e-06
-2.282777944e-08
3.114368414e-06
-1.926634934e-08
3.117642256e-06
-1.625623849e-08
3.120404486e-06
-1.371090496e-08
3.122732727e-06
-1.155790919e-08
3.124692993e-06
-9.73646265e-09
3.126341424e-06
-8.195438522e-09
3.127725754e-06
-6.891748755e-09
3.12888656e-06
-5.789013345e-09
3.129858323e-06
-4.856464057e-09
3.130670321e-06
-4.068037235e-09
3.131347399e-06
-3.401619865e-09
3.131910615e-06
-2.838420464e-09
3.132377789e-06
-2.362442051e-09
3.132763971e-06
-1.960038879e-09
3.133081838e-06
-1.619542133e-09
3.133342021e-06
-1.330942473e-09
3.133553393e-06
-1.0856195e-09
3.133723298e-06
-8.761099259e-10
3.133857747e-06
-6.959075671e-10
3.133961577e-06
-5.392893948e-10
3.134038583e-06
-4.011627052e-10
3.134091615e-06
-2.769291657e-10
3.134122655e-06
-1.623620195e-10
-5.349313224e-11
8.813683059e-07
-2.80494503e-06
1.575052455e-06
-2.469047156e-06
2.038426472e-06
-2.005540677e-06
2.33127503e-06
-1.584879138e-06
2.517401574e-06
-1.248558722e-06
2.640931846e-06
-9.903025054e-07
2.728129424e-06
-7.931183318e-07
2.793645323e-06
-6.413067867e-07
2.845471791e-06
-5.229144762e-07
2.88799935e-06
-4.293624917e-07
2.923720925e-06
-3.545628839e-07
2.954136165e-06
-2.94156169e-07
2.980219694e-06
-2.449666178e-07
3.002660828e-06
-2.046360136e-07
3.021985963e-06
-1.713808006e-07
3.038621331e-06
-1.438298391e-07
3.052925674e-06
-1.209141028e-07
3.065207816e-06
-1.017900661e-07
3.075736684e-06
-8.578532026e-08
3.08474758e-06
-7.235916966e-08
3.092446576e-06
-6.107355406e-08
3.09901394e-06
-5.157124376e-08
3.104607035e-06
-4.35592589e-08
3.109362896e-06
-3.679610732e-08
3.113400542e-06
-3.108185638e-08
3.116823098e-06
-2.625033581e-08
3.119719711e-06
-2.216296207e-08
3.122167281e-06
-1.870380897e-08
3.124232022e-06
-1.577564542e-08
3.125970842e-06
-1.329672966e-08
3.12743258e-06
-1.119820033e-08
3.128659083e-06
-9.421941435e-09
3.129686161e-06
-7.918826302e-09
3.130544414e-06
-6.647266685e-09
3.131259959e-06
-5.5720087e-09
3.131855051e-06
-4.663129721e-09
3.132348631e-06
-3.895199586e-09
3.132756787e-06
-3.246576728e-09
3.13309316e-06
-2.698815515e-09
3.133369287e-06
-2.23616554e-09
3.133594892e-06
-1.845147064e-09
3.133778139e-06
-1.51418967e-09
3.133925843e-06
-1.233323332e-09
3.134043646e-06
-9.939129413e-10
3.134136167e-06
-7.884287203e-10
3.134207124e-06
-6.102461105e-10
3.134259431e-06
-4.534696379e-10
3.134295278e-06
-3.127759809e-10
3.134316188e-06
-1.832720418e-10
-6.036426088e-11
1.478520086e-06
-4.283465116e-06
2.39906398e-06
-3.389591051e-06
2.786269216e-06
-2.392745913e-06
2.929178e-06
-1.727787922e-06
2.976523748e-06
-1.29590447e-06
2.991481498e-06
-1.005260256e-06
2.998016626e-06
-7.996534593e-07
3.004120552e-06
-6.474107135e-07
3.011786441e-06
-5.305803648e-07
3.020976442e-06
-4.385524926e-07
3.031110651e-06
-3.646970934e-07
3.041584267e-06
-3.046297852e-07
3.051918557e-06
-2.55300907e-07
3.061781218e-06
-2.144986755e-07
3.070965462e-06
-1.805650438e-07
3.079360429e-06
-1.522248066e-07
3.086923973e-06
-1.284776467e-07
3.093660709e-06
-1.085268018e-07
3.099605407e-06
-9.173001883e-08
3.104810909e-06
-7.756467086e-08
3.109339584e-06
-6.560222959e-08
3.11325748e-06
-5.548913952e-08
3.116630428e-06
-4.693220667e-08
3.119521576e-06
-3.968725543e-08
3.121989923e-06
-3.355020416e-08
3.124089552e-06
-2.834996451e-08
3.125869328e-06
-2.394273808e-08
3.127372917e-06
-2.020739807e-08
3.128638995e-06
-1.704172313e-08
3.129701573e-06
-1.435930758e-08
3.130590385e-06
-1.208701283e-08
3.131331299e-06
-1.016285543e-08
3.131946723e-06
-8.5342496e-09
3.132455995e-06
-7.156539352e-09
3.132875755e-06
-5.991768445e-09
3.133220272e-06
-5.007646486e-09
3.13350175e-06
-4.176677486e-09
3.133730596e-06
-3.475423399e-09
3.133915661e-06
-2.883880117e-09
3.134064443e-06
-2.384947313e-09
3.134183272e-06
-1.96397674e-09
3.134277469e-06
-1.608386101e-09
3.134351473e-06
-1.307327702e-09
3.134408963e-06
-1.051402767e-09
3.134452948e-06
-8.324136766e-10
3.134485849e-06
-6.431474718e-10
3.134509565e-06
-4.771848988e-10
3.134525519e-06
-3.287299646e-10
3.134534702e-06
-1.924555608e-10
-6.336115116e-11
3.067629539e-06
-7.351094655e-06
4.171233118e-06
-4.49319463e-06
3.968416759e-06
-2.189929554e-06
3.696970804e-06
-1.456341966e-06
3.493224575e-06
-1.092158241e-06
3.357004693e-06
-8.690403743e-07
3.268670397e-06
-7.113191629e-07
3.211818951e-06
-5.905592677e-07
3.175391547e-06
-4.941529615e-07
3.15227493e-06
-4.154358748e-07
3.137896977e-06
-3.503191411e-07
3.129280051e-06
-2.960128591e-07
3.124455857e-06
-2.504767133e-07
3.122107675e-06
-2.12150493e-07
3.121348106e-06
-1.798054748e-07
3.121577602e-06
-1.52454303e-07
3.122392142e-06
-1.292921864e-07
3.123521656e-06
-1.096563162e-07
3.124788248e-06
-9.299661073e-08
3.126077471e-06
-7.885389347e-08
3.127318411e-06
-6.684316966e-08
3.128469805e-06
-5.664053356e-08
3.129510341e-06
-4.797274266e-08
3.130431889e-06
-4.060880361e-08
3.131234794e-06
-3.435310906e-08
3.131924621e-06
-2.90397919e-08
3.132509933e-06
-2.452804937e-08
3.133000784e-06
-2.069824926e-08
3.133407734e-06
-1.744867304e-08
3.133741208e-06
-1.469278184e-08
3.13401111e-06
-1.235691448e-08
3.134226599e-06
-1.037834442e-08
3.134395985e-06
-8.703636306e-09
3.134526699e-06
-7.287253187e-09
3.134625305e-06
-6.090374506e-09
3.13469755e-06
-5.079891325e-09
3.134748424e-06
-4.227551092e-09
3.134782229e-06
-3.509228641e-09
3.134802653e-06
-2.904303867e-09
3.134812835e-06
-2.395129564e-09
3.134815434e-06
-1.966575423e-09
3.134812684e-06
-1.60563633e-09
3.134806451e-06
-1.301094801e-09
3.134798277e-06
-1.04322887e-09
3.134789421e-06
-8.235579471e-10
3.134780894e-06
-6.346201545e-10
3.134773485e-06
-4.697754688e-10
3.134767784e-06
-3.230296722e-10
3.134764203e-06
-1.88874646e-10
-6.214096167e-11
0
0
0
0
5.272572452e-06
0
4.34440852e-06
-5.281780335e-07
3.889878546e-06
-6.376282678e-07
3.637397944e-06
-6.16559772e-07
3.483354642e-06
-5.572758606e-07
3.383207927e-06
-4.904125528e-07
3.315333022e-06
-4.262780571e-07
3.268038e-06
-3.681408519e-07
3.234441466e-06
-3.167226079e-07
3.210233187e-06
-2.718045799e-07
3.192591348e-06
-2.328348746e-07
3.179609917e-06
-1.99169062e-07
3.1699724e-06
-1.70167957e-07
3.162754687e-06
-1.4523659e-07
3.157300344e-06
-1.238378434e-07
3.153138899e-06
-1.05494871e-07
3.149930845e-06
-8.978855701e-08
3.147429857e-06
-7.635290549e-08
3.145456419e-06
-6.486973157e-08
3.143879199e-06
-5.506331392e-08
3.142601776e-06
-4.669531981e-08
3.141553112e-06
-3.956013933e-08
3.140680679e-06
-3.348067638e-08
3.139945485e-06
-2.830459775e-08
3.139318454e-06
-2.390101858e-08
3.138777796e-06
-2.015759131e-08
3.138307084e-06
-1.697796069e-08
3.137893849e-06
-1.427954706e-08
3.137528556e-06
-1.19916209e-08
3.137203846e-06
-1.005363442e-08
3.136913988e-06
-8.413778573e-09
3.136654472e-06
-7.02773691e-09
3.136421708e-06
-5.857610787e-09
3.13621281e-06
-4.870993147e-09
3.13602543e-06
-4.040170866e-09
3.135857639e-06
-3.341438012e-09
3.13570784e-06
-2.754504561e-09
3.135574697e-06
-2.261987081e-09
3.135457091e-06
-1.848969575e-09
3.135354079e-06
-1.502624225e-09
3.135264868e-06
-1.211883061e-09
3.135188791e-06
-9.671527366e-10
3.135125299e-06
-7.600655421e-10
3.135073939e-06
-5.832606475e-10
3.135034354e-06
-4.301902364e-10
3.13500627e-06
-2.949457883e-10
3.134989496e-06
-1.721002347e-10
-5.656208614e-11
0
0
0
0
4.333589301e-06
0
4.149830342e-06
-3.444190746e-07
3.927333664e-06
-4.151315903e-07
3.742791578e-06
-4.320176858e-07
3.602222758e-06
-4.167070401e-07
3.497224821e-06
-3.854146161e-07
3.418688067e-06
-3.477413028e-07
3.359448223e-06
-3.089010087e-07
3.314295751e-06
-2.71570135e-07
3.279512675e-06
-2.370215045e-07
3.252441694e-06
-2.057638932e-07
3.231167449e-06
-1.778948175e-07
3.214294842e-06
-1.532953495e-07
3.200796915e-06
-1.317386629e-07
3.189910084e-06
-1.129510132e-07
3.181061246e-06
-9.664603308e-08
3.173816459e-06
-8.254376997e-08
3.1678444e-06
-7.038084622e-08
3.162890062e-06
-5.991539342e-08
3.158755645e-06
-5.092889688e-08
3.155286553e-06
-4.322622828e-08
3.152361058e-06
-3.66346439e-08
3.149882609e-06
-3.100222713e-08
3.147774082e-06
-2.61960712e-08
3.145973448e-06
-2.210038443e-08
3.144430485e-06
-1.861462818e-08
3.143104276e-06
-1.565175147e-08
3.141961285e-06
-1.313655678e-08
3.140973877e-06
-1.100421234e-08
3.140119157e-06
-9.198914411e-09
3.139378074e-06
-7.672695618e-09
3.138734708e-06
-6.384370784e-09
3.138175707e-06
-5.298609765e-09
3.137689839e-06
-4.385125441e-09
3.137267633e-06
-3.617964993e-09
3.136901088e-06
-2.974892885e-09
3.136583438e-06
-2.43685464e-09
3.136308962e-06
-1.987511312e-09
3.136072828e-06
-1.612835451e-09
3.135870964e-06
-1.300760231e-09
3.135699955e-06
-1.040874274e-09
3.135556958e-06
-8.24155483e-10
3.135439631e-06
-6.427379371e-10
3.135346076e-06
-4.897065035e-10
3.135274801e-06
-3.58914403e-10
3.135224674e-06
-2.448194253e-10
3.135194909e-06
-1.42334881e-10
-4.66916972e-11
0
0
0
0
4.107943039e-06
0
4.024119203e-06
-2.605952387e-07
3.897313939e-06
-2.883263265e-07
3.770010504e-06
-3.047142508e-07
3.657853734e-06
-3.045502698e-07
3.5641996e-06
-2.917604825e-07
3.487737478e-06
-2.712791812e-07
3.425814221e-06
-2.469777513e-07
3.375715538e-06
-2.214714522e-07
3.335081762e-06
-1.963877283e-07
3.301986717e-06
-1.726688486e-07
3.274899837e-06
-1.508079372e-07
3.25261784e-06
-1.310133527e-07
3.234197181e-06
-1.133180036e-07
3.218896716e-06
-9.765054792e-08
3.206131937e-06
-8.388125384e-08
3.195439435e-06
-7.185126849e-08
3.18644965e-06
-6.139106079e-08
3.178866056e-06
-5.23317997e-08
3.172449278e-06
-4.451211907e-08
3.167004926e-06
-3.778187589e-08
3.162374243e-06
-3.200396159e-08
3.158426886e-06
-2.705486972e-08
3.155055303e-06
-2.282448835e-08
3.152170348e-06
-1.921542934e-08
3.149697821e-06
-1.614210141e-08
3.147575733e-06
-1.352966312e-08
3.14575212e-06
-1.131294386e-08
3.144183295e-06
-9.435387728e-09
3.142832435e-06
-7.848053717e-09
3.141668429e-06
-6.508690067e-09
3.14066495e-06
-5.38089121e-09
3.139799679e-06
-4.433339062e-09
3.13905368e-06
-3.639126398e-09
3.138410872e-06
-2.975157626e-09
3.1378576e-06
-2.421620893e-09
3.137382271e-06
-1.961524866e-09
3.136975053e-06
-1.580293377e-09
3.136627629e-06
-1.265411297e-09
3.136332984e-06
-1.006115328e-09
3.136085233e-06
-7.931238573e-10
3.135879478e-06
-6.184004605e-10
3.135711686e-06
-4.749461332e-10
3.135578596e-06
-3.566157672e-10
3.135477636e-06
-2.579547959e-10
3.135406869e-06
-1.740522921e-10
3.135364941e-06
-1.004071085e-10
-3.2803905e-11
0
0
0
0
4.109091821e-06
0
3.974819476e-06
-1.263228939e-07
3.868179837e-06
-1.816866871e-07
3.770302012e-06
-2.068364256e-07
3.68059112e-06
-2.148393779e-07
3.600610789e-06
-2.117801521e-07
3.530940007e-06
-2.016083992e-07
3.47115874e-06
-1.871964842e-07
3.420308812e-06
-1.706215246e-07
3.377248647e-06
-1.533275624e-07
3.340850547e-06
-1.362707495e-07
3.310090197e-06
-1.200475871e-07
3.284076226e-06
-1.049993816e-07
3.262050423e-06
-9.129220074e-08
3.243375449e-06
-7.897557319e-08
3.227518565e-06
-6.802437026e-08
3.214035348e-06
-5.836805123e-08
3.202554991e-06
-4.991070369e-08
3.192767698e-06
-4.254450741e-08
3.184414143e-06
-3.615856358e-08
3.177276761e-06
-3.064449441e-08
3.171172617e-06
-2.589981723e-08
3.165947552e-06
-2.182980477e-08
3.161471396e-06
-1.834833244e-08
3.15763403e-06
-1.537806349e-08
3.154342144e-06
-1.285021526e-08
3.151516555e-06
-1.07040743e-08
3.149089986e-06
-8.886374251e-09
3.147005211e-06
-7.350612694e-09
3.145213514e-06
-6.056356836e-09
3.143673393e-06
-4.968569332e-09
3.142349475e-06
-4.056973048e-09
3.141211601e-06
-3.295464835e-09
3.140234057e-06
-2.661582662e-09
3.139394926e-06
-2.136026636e-09
3.138675537e-06
-1.702232093e-09
3.138060004e-06
-1.345991471e-09
3.137534831e-06
-1.055120942e-09
3.137088587e-06
-8.191673906e-10
3.136711623e-06
-6.291513175e-10
3.136395841e-06
-4.773413109e-10
3.136134496e-06
-3.570559826e-10
3.13592204e-06
-2.624895099e-10
3.135753981e-06
-1.885572189e-10
3.135626784e-06
-1.307579144e-10
3.135537782e-06
-8.504992303e-11
3.135485113e-06
-4.773803883e-11
-1.536874649e-11
0
0
0
0
3.884517803e-06
0
3.87639497e-06
-1.182000611e-07
3.823469205e-06
-1.287609222e-07
3.756074555e-06
-1.394417756e-07
3.686029757e-06
-1.447945801e-07
3.618693919e-06
-1.444443137e-07
3.556561203e-06
-1.394756831e-07
3.500625348e-06
-1.312606293e-07
3.451053647e-06
-1.210498238e-07
3.407571882e-06
-1.098457977e-07
3.369691738e-06
-9.839060504e-08
3.336842575e-06
-8.719842425e-08
3.30844456e-06
-7.660136686e-08
3.283946662e-06
-6.679430298e-08
3.262844266e-06
-5.787317682e-08
3.244685367e-06
-4.986547079e-08
3.229070644e-06
-4.275332904e-08
3.215650463e-06
-3.649052206e-08
3.204120499e-06
-3.101454407e-08
3.194216944e-06
-2.625500868e-08
3.185711755e-06
-2.213930489e-08
3.178408207e-06
-1.859626892e-08
3.172136848e-06
-1.555844621e-08
3.166751886e-06
-1.29633705e-08
3.162127995e-06
-1.075417189e-08
3.158157518e-06
-8.879738398e-09
3.154748034e-06
-7.294590533e-09
3.15182024e-06
-5.958580644e-09
3.149306122e-06
-4.836494187e-09
3.14714737e-06
-3.897605094e-09
3.14529402e-06
-3.115219756e-09
3.143703279e-06
-2.466231641e-09
3.142338514e-06
-1.930699868e-09
3.141168391e-06
-1.491459105e-09
3.140166128e-06
-1.133764119e-09
3.139308866e-06
-8.449696507e-10
3.138577119e-06
-6.142445771e-10
3.137954316e-06
-4.323183207e-10
3.137426406e-06
-2.912568551e-10
3.13698152e-06
-1.842654099e-10
3.136609693e-06
-1.055148913e-10
3.136302626e-06
-4.99890936e-11
3.136053487e-06
-1.334989661e-11
3.135856747e-06
8.182194539e-12
3.135708055e-06
1.793463565e-11
3.135604126e-06
1.887885855e-11
3.13554267e-06
1.371786128e-11
4.967388463e-12
0
0
0
0
3.906947668e-06
0
3.857620101e-06
-6.887249481e-08
3.804481017e-06
-7.562183754e-08
3.746558454e-06
-8.151921272e-08
3.686652449e-06
-8.48885748e-08
3.627527036e-06
-8.531890088e-08
3.571165739e-06
-8.311438626e-08
3.518777887e-06
-7.887277743e-08
3.470971912e-06
-7.324384847e-08
3.427936665e-06
-6.681055136e-08
3.389588944e-06
-6.004288392e-08
3.355681784e-06
-5.329126434e-08
3.325879337e-06
-4.679891922e-08
3.299806439e-06
-4.072140484e-08
3.277080184e-06
-3.514692246e-08
3.25732917e-06
-3.011445705e-08
3.24020452e-06
-2.562867841e-08
3.225385531e-06
-2.167153336e-08
3.212581892e-06
-1.8210905e-08
3.201533748e-06
-1.520686427e-08
3.192010482e-06
-1.261603926e-08
3.183808777e-06
-1.039456373e-08
3.176750312e-06
-8.499981886e-09
3.170679347e-06
-6.892404823e-09
3.165460317e-06
-5.535142299e-09
3.160975555e-06
-4.394975984e-09
3.157123159e-06
-3.44219481e-09
3.153815057e-06
-2.650478718e-09
3.150975254e-06
-1.996691481e-09
3.148538274e-06
-1.460624455e-09
3.146447774e-06
-1.024719564e-09
3.144655332e-06
-6.737900736e-10
3.143119383e-06
-3.947508843e-10
3.141804289e-06
-1.763652769e-10
3.140679537e-06
-9.011795271e-12
3.13971904e-06
1.155272708e-10
3.13890054e-06
2.042557691e-10
3.138205088e-06
2.631328169e-10
3.137616609e-06
2.972226046e-10
3.137121517e-06
3.108265888e-10
3.136708402e-06
3.075999208e-10
3.136367759e-06
2.906539737e-10
3.136091762e-06
2.626467933e-10
3.135874081e-06
2.258632076e-10
3.13570973e-06
1.8228624e-10
3.135594947e-06
1.336613648e-10
3.13552711e-06
8.155505085e-11
2.740895304e-11
0
0
0
0
3.898203016e-06
0
3.845621268e-06
-1.629074752e-08
3.793996793e-06
-2.399736192e-08
3.740568475e-06
-2.809089538e-08
3.685887423e-06
-3.020752248e-08
3.631446171e-06
-3.087764925e-08
3.578706375e-06
-3.037459024e-08
3.528784871e-06
-2.895127247e-08
3.482408883e-06
-2.686786102e-08
3.439968073e-06
-2.436974116e-08
3.401591822e-06
-2.166663331e-08
3.36722373e-06
-1.892317206e-08
3.336683805e-06
-1.625899472e-08
3.309716628e-06
-1.37542276e-08
3.286026788e-06
-1.145708237e-08
3.265303887e-06
-9.391555743e-09
3.247239443e-06
-7.564234736e-09
3.231537758e-06
-5.969848303e-09
3.217922408e-06
-4.595554605e-09
3.206139658e-06
-3.424114133e-09
3.195959771e-06
-2.436152365e-09
3.187176921e-06
-1.611714188e-09
3.179608226e-06
-9.312868463e-10
3.173092257e-06
-3.764355278e-10
3.167487278e-06
6.983610424e-11
3.162669387e-06
4.229155665e-10
3.158530653e-06
6.965388373e-10
3.154977344e-06
9.028300582e-10
3.151928261e-06
1.0523916e-09
3.149313215e-06
1.154422201e-09
3.147071647e-06
1.216848009e-09
3.145151401e-06
1.246456473e-09
3.143507623e-06
1.249026689e-09
3.142101805e-06
1.22945233e-09
3.140900939e-06
1.191855045e-09
3.139876778e-06
1.139687424e-09
3.139005209e-06
1.07582536e-09
3.138265691e-06
1.002650194e-09
3.137640793e-06
9.221212701e-10
3.13711578e-06
8.358397472e-10
3.136678275e-06
7.451045616e-10
3.136317967e-06
6.509614557e-10
3.136026368e-06
5.542459813e-10
3.13579661e-06
4.556213438e-10
3.135623284e-06
3.556119018e-10
3.135502313e-06
2.546330956e-10
3.135430849e-06
1.530185228e-10
5.104484316e-11
0
0
0
0
3.869241688e-06
0
3.831920622e-06
2.103031867e-08
3.786719401e-06
2.120385873e-08
3.736805584e-06
2.182292176e-08
3.684696088e-06
2.190197375e-08
3.6323405e-06
2.147793877e-08
3.581236719e-06
2.072919025e-08
3.532488714e-06
1.979673261e-08
3.486849986e-06
1.877086708e-08
3.444773599e-06
1.770664596e-08
3.406469088e-06
1.663787793e-08
3.371960046e-06
1.558586942e-08
3.341136726e-06
1.456432574e-08
3.313800443e-06
1.358205522e-08
3.289698837e-06
1.264452413e-08
3.268552459e-06
1.175482223e-08
3.250073909e-06
1.091431485e-08
3.233980948e-06
1.012311273e-08
3.22000497e-06
9.380423751e-09
3.207896035e-06
8.684820371e-09
3.19742544e-06
8.034443143e-09
3.188386571e-06
7.42715462e-09
3.18059463e-06
6.860654459e-09
3.17388563e-06
6.332564323e-09
3.168114976e-06
5.840489478e-09
3.163155829e-06
5.38206257e-09
3.158897394e-06
4.954973908e-09
3.155243233e-06
4.556991599e-09
3.15210965e-06
4.185974131e-09
3.149424195e-06
3.83987738e-09
3.147124286e-06
3.516757526e-09
3.145155971e-06
3.214771015e-09
3.143472825e-06
2.932172399e-09
3.142034967e-06
2.667310693e-09
3.140808197e-06
2.418624707e-09
3.139763247e-06
2.184637695e-09
3.138875121e-06
1.963951579e-09
3.13812253e-06
1.755240921e-09
3.137487405e-06
1.557246778e-09
3.136954474e-06
1.368770528e-09
3.136510911e-06
1.188667728e-09
3.13614603e-06
1.015842037e-09
3.135851037e-06
8.492392373e-10
3.135618817e-06
6.878413545e-10
3.135443768e-06
5.306608778e-10
3.135321666e-06
3.767350779e-10
3.135249564e-06
2.251204069e-10
7.488696766e-11
0
0
0
0
3.85877704e-06
0
3.832229138e-06
4.757822145e-08
3.787819958e-06
6.561303856e-08
3.736946121e-06
7.269675855e-08
3.683942248e-06
7.49058468e-08
3.631009391e-06
7.441079531e-08
3.579579017e-06
7.215956471e-08
3.530664953e-06
6.871079616e-08
3.484958038e-06
6.447778292e-08
3.442873567e-06
5.979111646e-08
3.404598851e-06
5.491259446e-08
3.370143969e-06
5.004075119e-08
3.339390467e-06
4.531782724e-08
3.312133721e-06
4.083880131e-08
3.288117144e-06
3.666110094e-08
3.267058223e-06
3.281374328e-08
3.248667328e-06
2.930521066e-08
3.232660612e-06
2.612982817e-08
3.218768342e-06
2.327269438e-08
3.206739809e-06
2.071335283e-08
3.196345816e-06
1.842843651e-08
3.18737946e-06
1.639351078e-08
3.179655803e-06
1.458431128e-08
3.17301083e-06
1.297753699e-08
3.167299995e-06
1.155132429e-08
3.162396561e-06
1.028549714e-08
3.15818987e-06
9.161664353e-09
3.154583646e-06
8.163215644e-09
3.151494367e-06
7.275253167e-09
3.14884976e-06
6.484484742e-09
3.146587421e-06
5.779096658e-09
3.144653573e-06
5.148618188e-09
3.14300196e-06
4.583785823e-09
3.141592858e-06
4.076412221e-09
3.14039222e-06
3.61926286e-09
3.139370916e-06
3.205941931e-09
3.13850408e-06
2.830788095e-09
3.13777054e-06
2.488780064e-09
3.137152336e-06
2.175451585e-09
3.136634291e-06
1.886815177e-09
3.136203665e-06
1.619293811e-09
3.135849847e-06
1.369659699e-09
3.135564107e-06
1.134979308e-09
3.135339385e-06
9.125637542e-10
3.135170122e-06
6.999237618e-10
3.135052129e-06
4.947283864e-10
3.134982482e-06
2.94766768e-10
9.791219613e-11
0
0
0
0
3.943360544e-06
0
3.864291033e-06
1.266477319e-07
3.800413236e-06
1.294908355e-07
3.740873388e-06
1.322366073e-07
3.683062155e-06
1.327170793e-07
3.627007202e-06
1.30465748e-07
3.573447872e-06
1.257188955e-07
3.523139595e-06
1.190190724e-07
3.476626185e-06
1.109911934e-07
3.434200638e-06
1.022166635e-07
3.395937795e-06
9.317543765e-08
3.361747658e-06
8.423088753e-08
3.331427753e-06
7.563773224e-08
3.304706697e-06
6.75598575e-08
3.281277396e-06
6.009040179e-08
3.260820831e-06
5.327030874e-08
3.243022202e-06
4.710383954e-08
3.227581262e-06
4.157076813e-08
3.2142184e-06
3.663555656e-08
3.202677734e-06
3.225401822e-08
3.192728169e-06
2.837800214e-08
3.184163104e-06
2.495857589e-08
3.176799314e-06
2.194810103e-08
3.17047534e-06
1.930151128e-08
3.165049635e-06
1.697702926e-08
3.160398635e-06
1.493649726e-08
3.156414849e-06
1.314544977e-08
3.153005045e-06
1.157301972e-08
3.150088555e-06
1.019174277e-08
3.147595735e-06
8.977304833e-09
3.145466569e-06
7.90826314e-09
3.143649426e-06
6.965761173e-09
3.142099961e-06
6.133250333e-09
3.140780147e-06
5.396226212e-09
3.139657426e-06
4.7419838e-09
3.138703975e-06
4.159393556e-09
3.137896064e-06
3.638698737e-09
3.137213511e-06
3.171333337e-09
3.136639203e-06
2.749759379e-09
3.136158696e-06
2.367321971e-09
3.13575987e-06
2.018120331e-09
3.135432636e-06
1.69689297e-09
3.135168701e-06
1.398915222e-09
3.134961357e-06
1.119907378e-09
3.134805329e-06
8.55951771e-10
3.13469664e-06
6.034172376e-10
3.134632517e-06
3.588894909e-10
1.191059941e-10
0
0
0
0
3.93444521e-06
0
3.869345441e-06
1.917475004e-07
3.80529461e-06
1.935416665e-07
3.741727562e-06
1.958036559e-07
3.67905979e-06
1.953848512e-07
3.618568355e-06
1.909571828e-07
3.561537076e-06
1.827501742e-07
3.508867812e-06
1.716883372e-07
3.461027022e-06
1.58831983e-07
3.418127349e-06
1.451163366e-07
3.380036373e-06
1.31266413e-07
3.346470939e-06
1.177963219e-07
3.317067088e-06
1.050415829e-07
3.291427666e-06
9.319927987e-08
3.269152788e-06
8.236528014e-08
3.24985822e-06
7.256487623e-08
3.233185632e-06
6.377642791e-08
3.218807554e-06
5.594884616e-08
3.206428999e-06
4.901411081e-08
3.19578704e-06
4.289597736e-08
3.18664919e-06
3.751585253e-08
3.17881115e-06
3.279661629e-08
3.172094267e-06
2.866498392e-08
3.166342928e-06
2.50528496e-08
3.161422023e-06
2.189793423e-08
3.157214551e-06
1.914396933e-08
3.153619419e-06
1.674058198e-08
3.150549443e-06
1.464299607e-08
3.147929556e-06
1.28116297e-08
3.145695218e-06
1.121164271e-08
3.143791011e-06
9.812470109e-09
3.142169408e-06
8.587364379e-09
3.140789697e-06
7.512960675e-09
3.139617051e-06
6.568872722e-09
3.138621712e-06
5.737323108e-09
3.137778296e-06
5.002808869e-09
3.137065193e-06
4.351801525e-09
3.136464047e-06
3.7724796e-09
3.135959316e-06
3.254491085e-09
3.135537895e-06
2.788742957e-09
3.1351888e-06
2.3672148e-09
3.134902899e-06
1.982793596e-09
3.134672688e-06
1.629126862e-09
3.134492104e-06
1.300491471e-09
3.13435638e-06
9.916756489e-10
3.134261925e-06
6.978718014e-10
3.134206237e-06
4.145779918e-10
1.375059988e-10
0
0
0
0
3.938025687e-06
0
3.872535074e-06
2.572381135e-07
3.809315929e-06
2.567608121e-07
3.740983024e-06
2.641365606e-07
3.671188383e-06
2.651794918e-07
3.603978122e-06
2.581674447e-07
3.541871592e-06
2.448567035e-07
3.486012075e-06
2.275478546e-07
3.436643654e-06
2.082004035e-07
3.393505266e-06
1.882547247e-07
3.356089549e-06
1.686821304e-07
3.323795851e-06
1.500900195e-07
3.296014109e-06
1.328233253e-07
3.272167226e-06
1.17046163e-07
3.251729851e-06
1.028026549e-07
3.234234316e-06
9.006041157e-08
3.219269934e-06
7.874080909e-08
3.206479139e-06
6.873964169e-08
3.195552321e-06
5.994092835e-08
3.186222378e-06
5.222592119e-08
3.17825944e-06
4.547878987e-08
3.171466029e-06
3.959002763e-08
3.165672698e-06
3.445831471e-08
3.160734193e-06
2.999135423e-08
3.156526089e-06
2.610603834e-08
3.152941866e-06
2.272819245e-08
3.149890381e-06
1.979206719e-08
3.147293684e-06
1.723969322e-08
3.145085138e-06
1.50201755e-08
3.143207803e-06
1.308897724e-08
3.141613049e-06
1.140722487e-08
3.14025936e-06
9.941052875e-09
3.139111322e-06
8.660998571e-09
3.138138744e-06
7.541451075e-09
3.137315912e-06
6.560155082e-09
3.136620953e-06
5.697767483e-09
3.136035291e-06
4.937463567e-09
3.135543182e-06
4.26458869e-09
3.135131322e-06
3.666350992e-09
3.134788515e-06
3.131550661e-09
3.134505388e-06
2.650341354e-09
3.134274162e-06
2.214019608e-09
3.134088451e-06
1.814838335e-09
3.133943101e-06
1.445840776e-09
3.133834065e-06
1.100711572e-09
3.133758295e-06
7.736418534e-10
3.133713668e-06
4.592054857e-10
1.522437894e-10
0
0
0
0
3.825680957e-06
0
3.871686524e-06
2.112325467e-07
3.822428356e-06
3.060189798e-07
3.74283711e-06
3.437278069e-07
3.658722508e-06
3.492940934e-07
3.580314568e-06
3.365753846e-07
3.511100292e-06
3.140709798e-07
3.451616593e-06
2.870315533e-07
3.401184657e-06
2.586323396e-07
3.35870953e-06
2.307298516e-07
3.323036895e-06
2.043547661e-07
3.293099494e-06
1.800274205e-07
3.267965808e-06
1.579570109e-07
3.246845421e-06
1.381665498e-07
3.229076962e-06
1.205711142e-07
3.214110566e-06
1.050268076e-07
3.201490069e-06
9.136130562e-08
3.19083697e-06
7.93927411e-08
3.181836741e-06
6.894115709e-08
3.174227466e-06
5.983519681e-08
3.167790518e-06
5.191573774e-08
3.162342972e-06
4.503757346e-08
3.157731423e-06
3.906986338e-08
3.153826953e-06
3.389582403e-08
3.150521018e-06
2.941197356e-08
3.147722076e-06
2.552713442e-08
3.145352815e-06
2.21613279e-08
3.143347863e-06
1.924464592e-08
3.141651885e-06
1.671615336e-08
3.14021801e-06
1.452285239e-08
3.139006509e-06
1.261872561e-08
3.137983696e-06
1.096386548e-08
3.137121004e-06
9.523691026e-09
3.136394206e-06
8.268248977e-09
3.135782767e-06
7.171594351e-09
3.13526929e-06
6.211243992e-09
3.134839058e-06
5.367696206e-09
3.134479637e-06
4.624009459e-09
3.134180554e-06
3.965433355e-09
3.13393302e-06
3.379085432e-09
3.133729693e-06
2.8536678e-09
3.133564495e-06
2.379218114e-09
3.133432443e-06
1.946889871e-09
3.133329527e-06
1.548757448e-09
3.133252596e-06
1.177641742e-09
3.133199286e-06
8.269526154e-10
3.133167946e-06
4.905446744e-10
1.625831489e-10
0
0
0
0
4.201205499e-06
0
4.040195753e-06
3.722422926e-07
3.889466285e-06
4.567484477e-07
3.752732744e-06
4.804613478e-07
3.636111484e-06
4.659153538e-07
3.540306751e-06
4.323801177e-07
3.463030213e-06
3.913475173e-07
3.401129115e-06
3.489326518e-07
3.351580247e-06
3.081812077e-07
3.311820502e-06
2.704895966e-07
3.279788293e-06
2.363869752e-07
3.253863222e-06
2.059524913e-07
3.232782778e-06
1.790374545e-07
3.215564659e-06
1.553846693e-07
3.201442651e-06
1.346931219e-07
3.189816352e-06
1.166531067e-07
3.180212633e-06
1.009650245e-07
3.172256388e-06
8.734898629e-08
3.165648379e-06
7.554916592e-08
3.160148439e-06
6.533513696e-08
3.155562682e-06
5.650149492e-08
3.151733721e-06
4.886653405e-08
3.148533143e-06
4.227044186e-08
3.145855675e-06
3.657329141e-08
3.143614649e-06
3.165299975e-08
3.141738432e-06
2.740335174e-08
3.140167615e-06
2.373214498e-08
3.138852777e-06
2.055948408e-08
3.137752695e-06
1.78162351e-08
3.136832907e-06
1.54426401e-08
3.136064547e-06
1.338708563e-08
3.135423398e-06
1.160501468e-08
3.134889119e-06
1.005797032e-08
3.13444461e-06
8.71275813e-09
3.134075489e-06
7.540714925e-09
3.133769661e-06
6.517071487e-09
3.13351696e-06
5.620398108e-09
3.133308847e-06
4.832122419e-09
3.13313817e-06
4.136110066e-09
3.132998956e-06
3.518299689e-09
3.132886239e-06
2.966384562e-09
3.132795923e-06
2.469534054e-09
3.132724664e-06
2.018148838e-09
3.132669777e-06
1.603644402e-09
3.132629161e-06
1.218257993e-09
3.132601239e-06
8.548746033e-10
3.132584915e-06
5.06868014e-10
1.679532144e-10
0
0
0
0
4.420687569e-06
0
4.190428918e-06
6.025009432e-07
3.931622552e-06
7.155548134e-07
3.726873199e-06
6.852107006e-07
3.576493286e-06
6.162952669e-07
3.467359906e-06
5.415134986e-07
3.387626008e-06
4.710814148e-07
3.328682103e-06
4.078765566e-07
3.284572938e-06
3.522903727e-07
3.251193619e-06
3.038689156e-07
3.225682543e-06
2.618980508e-07
3.206014268e-06
2.256207671e-07
3.190733382e-06
1.943183397e-07
3.178779686e-06
1.673383659e-07
3.169371513e-06
1.441012948e-07
3.161926428e-06
1.240981917e-07
3.156006343e-06
1.068851093e-07
3.15127893e-06
9.207639984e-08
3.147490105e-06
7.933799004e-08
3.144444187e-06
6.838105591e-08
3.141989418e-06
5.895626335e-08
3.140007335e-06
5.084861697e-08
3.138404875e-06
4.387290168e-08
3.13710849e-06
3.78696765e-08
3.136059719e-06
3.270177058e-08
3.135211842e-06
2.825122905e-08
3.134527329e-06
2.441665828e-08
3.13397589e-06
2.111092331e-08
3.13353297e-06
1.825915418e-08
3.133178588e-06
1.579702244e-08
3.132896421e-06
1.366925272e-08
3.132673097e-06
1.182833883e-08
3.13249763e-06
1.023343684e-08
3.132360977e-06
8.849411317e-09
3.132255678e-06
7.646013688e-09
3.132175575e-06
6.597174432e-09
3.132115581e-06
5.680393007e-09
3.132071491e-06
4.876211671e-09
3.13203984e-06
4.167761039e-09
3.132017773e-06
3.540366836e-09
3.132002949e-06
2.981208668e-09
3.13199346e-06
2.479022808e-09
3.131987767e-06
2.023841973e-09
3.131984646e-06
1.606765975e-09
3.131983146e-06
1.219757763e-09
3.13198256e-06
8.55460058e-10
3.1319824e-06
5.070281714e-10
1.679750654e-10
0
4.760739012e-06
0
5.483128106e-06
5.491800337e-06
2.721334225e-06
4.39141356e-06
1.70288772e-06
3.877677448e-06
1.229290925e-06
3.604356859e-06
9.585312896e-07
3.443547907e-06
7.771042188e-07
3.3421473e-06
6.429141064e-07
3.275261803e-06
5.379669111e-07
3.229862208e-06
4.532761515e-07
3.198490336e-06
3.836622456e-07
3.176578736e-06
3.257805147e-07
3.161189583e-06
2.772872045e-07
3.150365496e-06
2.364448538e-07
3.142768973e-06
2.019148629e-07
3.137469325e-06
1.726380134e-07
3.133810429e-06
1.477601912e-07
3.131325381e-06
1.265832397e-07
3.129679737e-06
1.085307534e-07
3.128632856e-06
9.312328063e-08
3.1280111e-06
7.995974629e-08
3.127688988e-06
6.870316761e-08
3.127575813e-06
5.906943856e-08
3.127606052e-06
5.081837798e-08
3.127732463e-06
4.374649018e-08
3.12792109e-06
3.768104957e-08
3.128147634e-06
3.247522693e-08
3.128394816e-06
2.800404722e-08
3.128650455e-06
2.416101908e-08
3.128906066e-06
2.085531213e-08
3.129155836e-06
1.80093846e-08
3.129395875e-06
1.555698338e-08
3.129623674e-06
1.344145388e-08
3.129837704e-06
1.161430851e-08
3.130037129e-06
1.003401189e-08
3.130221592e-06
8.664948239e-09
3.130391064e-06
7.476542013e-09
3.13054573e-06
6.4425079e-09
3.130685913e-06
5.540209969e-09
3.130812012e-06
4.750113005e-09
3.130924461e-06
4.055311694e-09
3.131023703e-06
3.441125474e-09
3.131110162e-06
2.894748675e-09
3.131184238e-06
2.40494707e-09
3.131246287e-06
1.961793179e-09
3.131296619e-06
1.556433703e-09
3.131335494e-06
1.180883302e-09
3.131363114e-06
8.278396127e-10
3.131379627e-06
4.90514941e-10
1.624805163e-10
1.284247279e-06
3.476491733e-06
3.452477064e-06
3.314898322e-06
3.681228793e-06
2.492582496e-06
3.549463717e-06
1.834652796e-06
3.396327e-06
1.382427642e-06
3.281819858e-06
1.073038432e-06
3.20498772e-06
8.539363563e-07
3.15557452e-06
6.923273066e-07
3.124700465e-06
5.688409662e-07
3.106104166e-06
4.71872451e-07
3.095589493e-06
3.941769186e-07
3.090368419e-06
3.310015882e-07
3.088580971e-06
2.790746525e-07
3.088978857e-06
2.360469676e-07
3.090721252e-06
2.001724681e-07
3.093242098e-06
1.701171678e-07
3.096162527e-06
1.448397622e-07
3.099232084e-06
1.235136827e-07
3.102288686e-06
1.054741515e-07
3.105231029e-06
9.018093749e-08
3.107999416e-06
7.719135916e-08
3.11056237e-06
6.614021328e-08
3.112907272e-06
5.672453652e-08
3.115033819e-06
4.869183182e-08
3.116949469e-06
4.183083922e-08
3.118666306e-06
3.596421291e-08
3.120198882e-06
3.094265142e-08
3.121562777e-06
2.66401515e-08
3.122773654e-06
2.295014219e-08
3.123846651e-06
1.978231532e-08
3.124796023e-06
1.706001268e-08
3.125634945e-06
1.471806127e-08
3.126375427e-06
1.270097216e-08
3.127028299e-06
1.096143594e-08
3.12760325e-06
9.459061655e-09
3.128108881e-06
8.159316406e-09
3.128552792e-06
7.032631024e-09
3.128941657e-06
6.05364371e-09
3.129281308e-06
5.200558543e-09
3.129576821e-06
4.454599844e-09
3.129832586e-06
3.799546633e-09
3.130052378e-06
3.22133403e-09
3.130239416e-06
2.707710558e-09
3.130396421e-06
2.247942063e-09
3.13052566e-06
1.832554312e-09
3.130628986e-06
1.453107518e-09
3.130707872e-06
1.10199691e-09
3.130763438e-06
7.722742463e-10
3.130796467e-06
4.574857162e-10
1.515221588e-10
9.969701031e-07
2.47952163e-06
1.990582258e-06
2.321286167e-06
2.51157599e-06
1.971588765e-06
2.745507886e-06
1.600720899e-06
2.846301736e-06
1.281633791e-06
2.892305056e-06
1.027035112e-06
2.917682742e-06
8.2855867e-07
2.936043248e-06
6.739668011e-07
2.952311993e-06
5.525722207e-07
2.967978774e-06
4.562056701e-07
2.983277794e-06
3.788778992e-07
2.998053867e-06
3.162255153e-07
3.012087309e-06
2.650412102e-07
3.025201969e-06
2.229323076e-07
3.037289607e-06
1.8808483e-07
3.048304488e-06
1.59102287e-07
3.058249496e-06
1.348947535e-07
3.067161806e-06
1.146013733e-07
3.07510075e-06
9.753520761e-08
3.082138445e-06
8.31432421e-08
3.088352934e-06
7.097686988e-08
3.093823389e-06
6.066975831e-08
3.098626908e-06
5.192101745e-08
3.102836498e-06
4.448224193e-08
3.106519912e-06
3.814742595e-08
3.109739086e-06
3.274503881e-08
3.112549993e-06
2.81317442e-08
3.115002761e-06
2.418738361e-08
3.117141962e-06
2.081094094e-08
3.119007002e-06
1.791727543e-08
3.120632554e-06
1.543446078e-08
3.122049009e-06
1.33016062e-08
3.123282918e-06
1.146706308e-08
3.124357412e-06
9.886942146e-09
3.125292591e-06
8.523882024e-09
3.126105885e-06
7.346022586e-09
3.126812371e-06
6.326145692e-09
3.127425061e-06
5.440953483e-09
3.127955159e-06
4.670460063e-09
3.128412282e-06
3.997476923e-09
3.128804653e-06
3.407176048e-09
3.129139269e-06
2.886717462e-09
3.12942205e-06
2.424930262e-09
3.129657954e-06
2.012037955e-09
3.129851088e-06
1.639420412e-09
3.130004789e-06
1.299405891e-09
3.130121699e-06
9.85087507e-10
3.130203814e-06
6.901593087e-10
3.130252532e-06
4.087676507e-10
1.353740418e-10
7.156626096e-07
1.76385902e-06
1.368897983e-06
1.668050794e-06
1.852255333e-06
1.488231414e-06
2.178241907e-06
1.274734326e-06
2.393681853e-06
1.066193845e-06
2.539458038e-06
8.812589278e-07
2.642852743e-06
7.251639649e-07
2.72023065e-06
5.965888938e-07
2.780993671e-06
4.918092005e-07
2.830507171e-06
4.066921699e-07
2.871895767e-06
3.37489303e-07
2.907059535e-06
2.810617471e-07
2.937227027e-06
2.348737189e-07
2.963250887e-06
1.969084476e-07
2.985765075e-06
1.655706417e-07
3.005268861e-06
1.395985007e-07
3.022172365e-06
1.179912501e-07
3.036821944e-06
9.995179349e-08
3.049515022e-06
8.484213023e-08
3.060509327e-06
7.214893645e-08
3.070029169e-06
6.145702838e-08
3.078270061e-06
5.242886652e-08
3.085402407e-06
4.478867116e-08
3.091574592e-06
3.831005732e-08
3.096915656e-06
3.280636144e-08
3.101537661e-06
2.812303355e-08
3.105537785e-06
2.413162096e-08
3.109000184e-06
2.072498385e-08
3.111997656e-06
1.781346921e-08
3.114593098e-06
1.532183403e-08
3.116840801e-06
1.318675764e-08
3.118787587e-06
1.135481963e-08
3.120473802e-06
9.780847916e-09
3.121934182e-06
8.426562468e-09
3.123198607e-06
7.259456736e-09
3.124292759e-06
6.251870915e-09
3.125238684e-06
5.380220922e-09
3.126055283e-06
4.6243543e-09
3.126758733e-06
3.967009976e-09
3.127362847e-06
3.393363314e-09
3.127879381e-06
2.890641393e-09
3.128318303e-06
2.44779621e-09
3.128688007e-06
2.055225711e-09
3.128995511e-06
1.704534265e-09
3.129246606e-06
1.388325588e-09
3.129445989e-06
1.100022242e-09
3.12959737e-06
8.337066631e-10
3.12970355e-06
5.839794107e-10
3.129766487e-06
3.458308317e-10
1.145227686e-10
5.453368757e-07
1.218522145e-06
1.04921909e-06
1.164168579e-06
1.472704961e-06
1.064745543e-06
1.807503282e-06
9.399360046e-07
2.064908676e-06
8.087884505e-07
2.261955891e-06
6.842117132e-07
2.414274849e-06
5.728450072e-07
2.53395565e-06
4.769080927e-07
2.629674515e-06
3.96090335e-07
2.707479862e-06
3.288868229e-07
2.771580123e-06
2.733890425e-07
2.824947496e-06
2.276943738e-07
2.869733222e-06
1.90087993e-07
2.907539243e-06
1.591024269e-07
2.939592391e-06
1.335174934e-07
2.966855982e-06
1.123349093e-07
2.990102231e-06
9.474500159e-08
3.009960332e-06
8.009369223e-08
3.026949355e-06
6.785310704e-08
3.041501502e-06
5.759678949e-08
3.053979115e-06
4.89794158e-08
3.064687503e-06
4.172047872e-08
3.073884883e-06
3.559129102e-08
3.081790255e-06
3.04046852e-08
3.088589752e-06
2.600686492e-08
3.094441828e-06
2.227095663e-08
3.099481553e-06
1.909189684e-08
3.10382417e-06
1.638236637e-08
3.107568094e-06
1.40695451e-08
3.110797418e-06
1.209251033e-08
3.113584034e-06
1.04001418e-08
3.115989427e-06
8.949426325e-09
3.118066196e-06
7.704079378e-09
3.119859339e-06
6.633418842e-09
3.121407355e-06
5.711440492e-09
3.122743171e-06
4.916055543e-09
3.123894933e-06
4.228459044e-09
3.124886683e-06
3.632604361e-09
3.125738928e-06
3.114764042e-09
3.126469131e-06
2.663161275e-09
3.127092113e-06
2.2676592e-09
3.127620411e-06
1.919497739e-09
3.128064567e-06
1.611069512e-09
3.128433374e-06
1.335727872e-09
3.128734078e-06
1.087621286e-09
3.128972551e-06
8.615492279e-10
3.129153422e-06
6.528354607e-10
3.129280186e-06
4.572152039e-10
3.129355284e-06
2.707330954e-10
8.96492272e-11
4.487083144e-07
7.698138303e-07
8.724670254e-07
7.404098681e-07
1.250821337e-06
6.863912314e-07
1.574352074e-06
6.164052671e-07
1.843438921e-06
5.397016041e-07
2.063970635e-06
4.636799984e-07
2.243720334e-06
3.93095309e-07
2.390279636e-06
3.303487903e-07
2.510201605e-06
2.761683666e-07
2.608817142e-06
2.302712858e-07
2.690345156e-06
1.918610281e-07
2.758091708e-06
1.599478221e-07
2.814647771e-06
1.335319298e-07
2.862054916e-06
1.116952817e-07
2.901934464e-06
9.363794614e-08
2.935585035e-06
7.868433742e-08
2.964055459e-06
6.627457832e-08
2.988199292e-06
5.594985907e-08
3.008715902e-06
4.733649693e-08
3.026181727e-06
4.013096454e-08
3.041074338e-06
3.408680482e-08
3.053791169e-06
2.900364755e-08
3.06466425e-06
2.471820977e-08
3.073971908e-06
2.109702765e-08
3.081948137e-06
1.803063599e-08
3.088790167e-06
1.542892684e-08
3.094664609e-06
1.32174539e-08
3.099712488e-06
1.133448812e-08
3.104053366e-06
9.728667178e-09
3.107788763e-06
8.357113323e-09
3.111004984e-06
7.183920527e-09
3.113775477e-06
6.178933415e-09
3.116162799e-06
5.316757219e-09
3.118220266e-06
4.57595133e-09
3.119993338e-06
3.938369311e-09
3.121520777e-06
3.388616261e-09
3.122835635e-06
2.913600606e-09
3.123966078e-06
2.502162218e-09
3.124936079e-06
2.144762458e-09
3.125766016e-06
1.833224675e-09
3.126473159e-06
1.560515916e-09
3.127072094e-06
1.320562407e-09
3.127575071e-06
1.108092714e-09
3.127992295e-06
9.18503603e-10
3.128332172e-06
7.477444918e-10
3.128601504e-06
5.922170295e-10
3.128805653e-06
4.486869066e-10
3.128948663e-06
3.142053997e-10
3.129033357e-06
1.860384876e-10
6.160161683e-11
3.964346021e-07
3.733792282e-07
7.764338906e-07
3.604105796e-07
1.126401841e-06
3.364232814e-07
1.437990001e-06
3.048171064e-07
1.708289393e-06
2.694022127e-07
1.938486736e-06
2.334826553e-07
2.132170959e-06
1.994110856e-07
2.293958874e-06
1.685608755e-07
2.428606785e-06
1.415204555e-07
2.54053223e-06
1.183458413e-07
2.633610558e-06
9.878270021e-08
2.711130111e-06
8.242826828e-08
2.775827053e-06
6.883498811e-08
2.829952976e-06
5.756935892e-08
2.875350259e-06
4.824066244e-08
2.91352323e-06
4.051136639e-08
2.945700391e-06
3.409741765e-08
2.972886637e-06
2.87636134e-08
2.995906055e-06
2.431707844e-08
3.015436543e-06
2.060047716e-08
3.032037602e-06
1.748574508e-08
3.046172602e-06
1.486864846e-08
3.058226582e-06
1.266422959e-08
3.068520533e-06
1.0803076e-08
3.077322865e-06
9.228304828e-09
3.084858648e-06
7.893143829e-09
3.091317103e-06
6.758998273e-09
3.096857683e-06
5.793907939e-09
3.101615036e-06
4.971314459e-09
3.105703075e-06
4.269074449e-09
3.109218329e-06
3.668666942e-09
3.112242707e-06
3.154554441e-09
3.114845799e-06
2.713665633e-09
3.117086776e-06
2.334974723e-09
3.119015987e-06
2.00915775e-09
3.120676293e-06
1.728310503e-09
3.122104178e-06
1.485715921e-09
3.123330688e-06
1.275651408e-09
3.124382222e-06
1.093228477e-09
3.125281188e-06
9.342586993e-10
3.126046563e-06
7.951410771e-10
3.126694359e-06
6.727669628e-10
3.127238012e-06
5.644393267e-10
3.127688712e-06
4.67803781e-10
3.128055667e-06
3.807892117e-10
3.128346328e-06
3.015562289e-10
3.128566563e-06
2.284519245e-10
3.128720799e-06
1.599696503e-10
3.128812125e-06
9.471269546e-11
3.136087387e-11
3.733792282e-07
7.337898078e-07
1.070213089e-06
1.375030196e-06
1.644432408e-06
1.877915064e-06
2.077326149e-06
2.245887025e-06
2.38740748e-06
2.505753322e-06
2.604536022e-06
2.68696429e-06
2.755799278e-06
2.813368637e-06
2.861609299e-06
2.902120666e-06
2.936218084e-06
2.964981697e-06
2.989298775e-06
3.009899253e-06
3.027384998e-06
3.042253646e-06
3.054917876e-06
3.065720952e-06
3.074949256e-06
3.0828424e-06
3.089601399e-06
3.095395307e-06
3.100366621e-06
3.104635695e-06
3.108304362e-06
3.111458917e-06
3.114172582e-06
3.116507557e-06
3.118516715e-06
3.120245025e-06
3.121730741e-06
3.123006393e-06
3.124099621e-06
3.12503388e-06
3.125829021e-06
3.126501788e-06
3.127066227e-06
3.127534031e-06
3.12791482e-06
3.128216377e-06
3.128444828e-06
3.128604798e-06
3.128699511e-06
)
;

boundaryField
{
    oversetFaces
    {
        type            overset;
        value           nonuniform 0();
    }
    inlet
    {
        type            calculated;
        value           uniform -8e-06;
    }
    leftOut
    {
        type            calculated;
        value           uniform 0;
    }
    inletWalls
    {
        type            calculated;
        value           uniform 0;
    }
    outlet
    {
        type            calculated;
        value           nonuniform List<scalar> 
30
(
3.133815207e-06
3.133870916e-06
3.133979006e-06
3.134132873e-06
3.134323059e-06
3.134537699e-06
3.134762983e-06
3.134983917e-06
3.135185038e-06
3.135351053e-06
3.135467678e-06
3.135522334e-06
3.135504669e-06
3.135407213e-06
3.135225722e-06
3.134959457e-06
3.134611324e-06
3.134187837e-06
3.13369893e-06
3.133157607e-06
3.132579545e-06
3.131982378e-06
3.131385122e-06
3.130807425e-06
3.13026868e-06
3.129787338e-06
3.129380158e-06
3.129061405e-06
3.128842365e-06
3.128730872e-06
)
;
    }
    outletWalls
    {
        type            calculated;
        value           uniform 0;
    }
    frontAndBack
    {
        type            empty;
    }
}


// ************************************************************************* //
