/*--------------------------------*- C++ -*----------------------------------*\
| =========                 |                                                 |
| \\      /  F ield         | OpenFOAM Extend Project: Open source CFD        |
|  \\    /   O peration     | Version:  1.6-ext                               |
|   \\  /    A nd           | Web:      www.extend-project.de                 |
|    \\/     M anipulation  |                                                 |
\*---------------------------------------------------------------------------*/
FoamFile
{
    version     2.0;
    format      ascii;
    class       volVectorField;
    location    "0";
    object      U;
}
// * * * * * * * * * * * * * * * * * * * * * * * * * * * * * * * * * * * * * //

dimensions      [0 1 -1 0 0 0 0];

internalField   nonuniform List<vector> 
1700
(
(0.9999850619 1.991742366e-05 0)
(0.9999549746 2.01990677e-05 0)
(0.9999243735 2.060237644e-05 0)
(0.9998933514 2.076045873e-05 0)
(0.9998627851 1.999448242e-05 0)
(0.9998349452 1.712542696e-05 0)
(0.9998144834 1.015705032e-05 0)
(0.9998100518 -4.248372166e-06 0)
(0.9998369651 -3.16360114e-05 0)
(0.9999215926 -8.12006461e-05 0)
(1.000108663 -0.0001682262875 0)
(1.000473565 -0.0003183097569 0)
(1.001143474 -0.0005749021553 0)
(1.002334623 -0.001013296476 0)
(1.004420375 -0.001767706845 0)
(1.008060674 -0.00308602495 0)
(1.014458889 -0.005444928835 0)
(1.025891704 -0.009798824227 0)
(1.046834138 -0.01812442106 0)
(0.7572341246 -0.1315949823 0)
(0.9999854375 5.925157045e-05 0)
(0.9999558878 6.038091027e-05 0)
(0.999925122 6.224308741e-05 0)
(0.9998925408 6.392414691e-05 0)
(0.9998579384 6.372225462e-05 0)
(0.9998218286 5.866396293e-05 0)
(0.999785985 4.369256579e-05 0)
(0.9997543278 1.033437991e-05 0)
(0.9997343621 -5.548226448e-05 0)
(0.9997394723 -0.0001770045931 0)
(0.9997925173 -0.0003925760574 0)
(0.9999313304 -0.0007655800633 0)
(1.000216825 -0.001401503049 0)
(1.000744217 -0.002478083121 0)
(1.001656737 -0.004300617891 0)
(1.003157711 -0.007408144575 0)
(1.00550849 -0.01278813494 0)
(1.008985715 -0.02233567011 0)
(1.013773505 -0.03989454083 0)
(0.7426343561 -0.08793223959 0)
(0.9999865677 9.657800195e-05 0)
(0.9999589633 9.925993097e-05 0)
(0.9999290978 0.0001042057852 0)
(0.9998953236 0.0001104353049 0)
(0.9998557716 0.0001160836258 0)
(0.999808239 0.0001178257974 0)
(0.9997500439 0.0001099157057 0)
(0.9996778187 8.26210582e-05 0)
(0.9995871798 1.970380993e-05 0)
(0.9994721342 -0.0001056100767 0)
(0.9993238955 -0.000337045753 0)
(0.9991283289 -0.0007454388512 0)
(0.9988601364 -0.001444713565 0)
(0.9984691363 -0.00261672808 0)
(0.99784696 -0.004549098869 0)
(0.9967439847 -0.007690328764 0)
(0.9945555221 -0.01272237251 0)
(0.9897498297 -0.02063014166 0)
(0.9782656312 -0.032671525 0)
(0.7218622655 -0.03880595115 0)
(0.9999890134 0.0001291365597 0)
(0.9999660582 0.0001341141957 0)
(0.9999400225 0.0001438864113 0)
(0.9999083779 0.0001579797053 0)
(0.9998677924 0.0001753892624 0)
(0.9998136047 0.000194147211 0)
(0.9997390453 0.0002106002784 0)
(0.9996340452 0.0002182368045 0)
(0.9994833873 0.0002058172414 0)
(0.9992638062 0.0001544453994 0)
(0.9989394123 3.307552332e-05 0)
(0.99845444 -0.0002081747668 0)
(0.9977217725 -0.0006474977677 0)
(0.9966050361 -0.001403628552 0)
(0.9948919364 -0.002648496993 0)
(0.9922600133 -0.004611066107 0)
(0.9882554066 -0.007544209367 0)
(0.9823868446 -0.01157596575 0)
(0.9747499231 -0.01623087431 0)
(0.7183219797 -0.02554784496 0)
(0.9999932046 0.0001528459866 0)
(0.9999786297 0.0001604447636 0)
(0.9999609185 0.0001758851201 0)
(0.9999373274 0.0001996285272 0)
(0.9999039949 0.0002322977583 0)
(0.999855187 0.0002745661913 0)
(0.9997821634 0.0003269587026 0)
(0.9996714414 0.0003895078204 0)
(0.9995021246 0.0004611791686 0)
(0.9992418119 0.0005389418251 0)
(0.998840402 0.0006163175358 0)
(0.9982208978 0.0006812185813 0)
(0.997266198 0.0007129318674 0)
(0.9958011373 0.0006783379198 0)
(0.9935703766 0.0005280171917 0)
(0.9902163682 0.0001936616966 0)
(0.9852689892 -0.0004129562342 0)
(0.9781676098 -0.001413963734 0)
(0.9683246832 -0.003086412155 0)
(0.7142475021 -0.0003491878984 0)
(0.9999991451 0.0001630464767 0)
(0.9999967771 0.0001728347459 0)
(0.9999922675 0.00019312285 0)
(0.9999835948 0.0002254092175 0)
(0.9999677093 0.0002721410064 0)
(0.9999398193 0.0003369868103 0)
(0.9998923008 0.0004252609372 0)
(0.9998130059 0.0005445615381 0)
(0.9996826326 0.0007057121032 0)
(0.9994706573 0.0009241261546 0)
(0.9991291147 0.001221736731 0)
(0.9985832591 0.00162961239 0)
(0.9977179317 0.002191241029 0)
(0.9963584832 0.002966040891 0)
(0.9942457014 0.004031704295 0)
(0.991005382 0.005482411609 0)
(0.986111906 0.00741943391 0)
(0.9788222367 0.009941711026 0)
(0.9679223925 0.01321494093 0)
(0.7143796026 0.01085211216 0)
(1.000006256 0.0001558455994 0)
(1.000018732 0.000166558355 0)
(1.000031018 0.0001890303342 0)
(1.000042685 0.0002255091585 0)
(1.000052765 0.0002797815613 0)
(1.000059347 0.0003577570772 0)
(1.00005893 0.000468404996 0)
(1.000045376 0.0006252153195 0)
(1.000008211 0.0008484432843 0)
(0.9999298448 0.001168516662 0)
(0.9997810503 0.001631129111 0)
(0.9995135702 0.00230466757 0)
(0.9990481027 0.003290579128 0)
(0.9982550884 0.004736653119 0)
(0.9969255375 0.006850868894 0)
(0.994733341 0.009906601544 0)
(0.9912147218 0.01421137105 0)
(0.9858949525 0.0199623586 0)
(0.979103261 0.02678300771 0)
(0.7194975047 0.04037906275 0)
(1.000013429 0.0001295998231 0)
(1.000041023 0.0001393766779 0)
(1.000070869 0.0001600367605 0)
(1.000104596 0.0001939760712 0)
(1.00014404 0.0002452832485 0)
(1.000191317 0.0003204430721 0)
(1.000248912 0.0004294825578 0)
(1.000319724 0.0005877932942 0)
(1.000407034 0.0008190048424 0)
(1.000514238 0.001159504377 0)
(1.000643983 0.001665541918 0)
(1.000795859 0.002424392796 0)
(1.000960579 0.003571850677 0)
(1.001105536 0.005319457732 0)
(1.001138966 0.007996225716 0)
(1.000819385 0.01211028151 0)
(0.9995195821 0.01843225389 0)
(0.9955844189 0.02808138562 0)
(0.9844887522 0.04251379168 0)
(0.7201735306 0.05628780983 0)
(1.000019291 8.597297156e-05 0)
(1.000059314 9.284704041e-05 0)
(1.000103817 0.0001074356701 0)
(1.000156347 0.0001315667765 0)
(1.000221388 0.0001683802311 0)
(1.000304946 0.0002228985569 0)
(1.000415397 0.0003029667849 0)
(1.000564739 0.0004207698256 0)
(1.000770492 0.0005952766476 0)
(1.001058561 0.0008562023 0)
(1.001467568 0.001250508794 0)
(1.002055315 0.001853261129 0)
(1.002908189 0.00278619036 0)
(1.004154255 0.004250420695 0)
(1.005979969 0.00658640421 0)
(1.008648045 0.01038877643 0)
(1.012509527 0.0167381868 0)
(1.01800367 0.02769681382 0)
(1.025697131 0.04743463709 0)
(0.7434058152 0.09534592844 0)
(1.000022594 3.012555328e-05 0)
(1.00006964 3.260262792e-05 0)
(1.000122495 3.787017691e-05 0)
(1.000185856 4.661108493e-05 0)
(1.000265816 6.000188699e-05 0)
(1.000370766 7.993199336e-05 0)
(1.00051274 0.0001093669003 0)
(1.00070947 0.0001529396349 0)
(1.000987611 0.0002179149766 0)
(1.001387881 0.000315778727 0)
(1.001973394 0.0004649052853 0)
(1.002843435 0.000695148316 0)
(1.004156792 0.001055994745 0)
(1.006172488 0.001631600228 0)
(1.00932344 0.002569669454 0)
(1.014355095 0.004139203516 0)
(1.022596965 0.006849956771 0)
(1.036513019 0.011704782 0)
(1.060840583 0.0207319691 0)
(0.7614423244 0.1465379076 0)
(0.037009199 -0.04934559872 0)
(0.1095529109 -0.04737935058 0)
(0.1779557706 -0.04382446252 0)
(0.2402746075 -0.03926732015 0)
(0.2954488992 -0.0342984021 0)
(0.3432097926 -0.0293827892 0)
(0.3838626998 -0.02482108722 0)
(0.418054393 -0.02076783708 0)
(0.4465841407 -0.01727182657 0)
(0.4702752744 -0.01431635169 0)
(0.4899003506 -0.01185041667 0)
(0.5061453059 -0.009809523769 0)
(0.5195983985 -0.008127933002 0)
(0.5307530868 -0.006744984785 0)
(0.5400176192 -0.005607725112 0)
(0.5477269947 -0.004671442234 0)
(0.5541549387 -0.003899149781 0)
(0.5595247721 -0.003260628097 0)
(0.5640187611 -0.002731357239 0)
(0.5677859087 -0.002291506192 0)
(0.5709483234 -0.001925046788 0)
(0.5736063661 -0.00161901005 0)
(0.5758427822 -0.001362878085 0)
(0.5777260117 -0.001148094587 0)
(0.5793128384 -0.0009676744399 0)
(0.5806505146 -0.000815893827 0)
(0.5817784685 -0.0006880446883 0)
(0.5827296821 -0.000580240062 0)
(0.5835318067 -0.0004892594597 0)
(0.5842080706 -0.0004124256518 0)
(0.5847780194 -0.0003475061002 0)
(0.5852581243 -0.0002926337573 0)
(0.5856622819 -0.0002462431256 0)
(0.586002228 -0.0002070183837 0)
(0.5862878802 -0.0001738510951 0)
(0.5865276227 -0.0001458055607 0)
(0.5867285445 -0.0001220902968 0)
(0.5868966381 -0.0001020344442 0)
(0.5870369651 -8.506816707e-05 0)
(0.5871537959 -7.070628853e-05 0)
(0.5872507265 -5.85345658e-05 0)
(0.5873307761 -4.819812018e-05 0)
(0.5873964684 -3.939163072e-05 0)
(0.5874499003 -3.185097123e-05 0)
(0.5874927981 -2.534602645e-05 0)
(0.5875265634 -1.967446742e-05 0)
(0.5875523115 -1.465630055e-05 0)
(0.5875709005 -1.012903225e-05 0)
(0.5875829548 -5.943311789e-06 0)
(0.5875888815 -1.958930699e-06 0)
(0.03963086319 -0.1515323482 0)
(0.1169144258 -0.1449623003 0)
(0.1887718112 -0.1332551728 0)
(0.2529760214 -0.118534006 0)
(0.3086282738 -0.1028004414 0)
(0.3558462124 -0.08751919254 0)
(0.3953493027 -0.07355934718 0)
(0.4281200739 -0.06131286295 0)
(0.4551861212 -0.05085452741 0)
(0.4775038209 -0.04207876194 0)
(0.4959094545 -0.03479561953 0)
(0.5111086175 -0.02878981193 0)
(0.5236844505 -0.02385287889 0)
(0.534113364 -0.0197981747 0)
(0.5427823426 -0.01646588324 0)
(0.5500050952 -0.01372278815 0)
(0.5560360243 -0.01145963463 0)
(0.5610818289 -0.009587660585 0)
(0.5653109237 -0.008035103156 0)
(0.5688609893 -0.006744044535 0)
(0.571844985 -0.005667722284 0)
(0.5743559243 -0.004768310551 0)
(0.5764706694 -0.004015125862 0)
(0.5782529499 -0.003383193357 0)
(0.5797557728 -0.002852108588 0)
(0.5810233543 -0.002405136635 0)
(0.5820926735 -0.002028499373 0)
(0.582994729 -0.001710810808 0)
(0.5837555593 -0.001442628521 0)
(0.584397075 -0.001216096054 0)
(0.5849377419 -0.001024656595 0)
(0.5853931416 -0.0008628226735 0)
(0.5857764357 -0.0007259900165 0)
(0.5860987508 -0.0006102863443 0)
(0.5863694973 -0.0005124479436 0)
(0.586596637 -0.0004297184231 0)
(0.586786906 -0.0003597652695 0)
(0.5869460009 -0.0003006107538 0)
(0.5870787359 -0.0002505744588 0)
(0.587189174 -0.0002082252549 0)
(0.5872807374 -0.0001723409822 0)
(0.5873563 -0.0001418744382 0)
(0.5874182646 -0.0001159245275 0)
(0.5874686278 -9.371164283e-05 0)
(0.5875090334 -7.455650451e-05 0)
(0.5875408164 -5.786181605e-05 0)
(0.5875650388 -4.309619292e-05 0)
(0.5875825178 -2.977990057e-05 0)
(0.5875938482 -1.747199868e-05 0)
(0.5875994178 -5.758534865e-06 0)
(0.04576926292 -0.265399183 0)
(0.1339224781 -0.2516778358 0)
(0.2131934963 -0.2280441753 0)
(0.280880916 -0.19960051 0)
(0.3368019837 -0.170498364 0)
(0.3821979182 -0.1433064341 0)
(0.4188044726 -0.1192516318 0)
(0.448327486 -0.09867895783 0)
(0.4722296087 -0.08144599255 0)
(0.4916871516 -0.06718762009 0)
(0.5076189506 -0.05547000494 0)
(0.5207356268 -0.04586987864 0)
(0.5315872481 -0.03800941793 0)
(0.5406024144 -0.0315670753 0)
(0.5481181346 -0.02627658117 0)
(0.5544019929 -0.02192090459 0)
(0.5596684422 -0.01832468932 0)
(0.5640908141 -0.01534684131 0)
(0.5678102492 -0.0128739623 0)
(0.5709424165 -0.01081482933 0)
(0.5735826354 -0.009095890193 0)
(0.575809828 -0.007657651863 0)
(0.5776896051 -0.0064518142 0)
(0.5792767014 -0.005439007263 0)
(0.5806169141 -0.004587008841 0)
(0.5817486602 -0.003869339994 0)
(0.5827042363 -0.003264156375 0)
(0.5835108432 -0.002753370394 0)
(0.5841914264 -0.002321953456 0)
(0.5847653665 -0.001957378886 0)
(0.5852490505 -0.001649175022 0)
(0.5856563464 -0.001388564897 0)
(0.585998997 -0.001168174268 0)
(0.5862869508 -0.0009817938223 0)
(0.5865286374 -0.0008241845606 0)
(0.5867311995 -0.0006909177444 0)
(0.5869006881 -0.0005782426637 0)
(0.5870422258 -0.000482976893 0)
(0.5871601457 -0.0004024148111 0)
(0.5872581072 -0.0003342510099 0)
(0.5873391943 -0.000276515881 0)
(0.587405998 -0.0002275211857 0)
(0.5874606854 -0.0001858138224 0)
(0.5875050577 -0.0001501363208 0)
(0.5875405978 -0.0001193928494 0)
(0.5875685105 -9.261971514e-05 0)
(0.5875897541 -6.895949721e-05 0)
(0.5876050661 -4.763807475e-05 0)
(0.5876149833 -2.794390678e-05 0)
(0.5876198555 -9.208994005e-06 0)
(0.05792599274 -0.4036595241 0)
(0.1667211028 -0.3760152621 0)
(0.2582082456 -0.3313842975 0)
(0.3297037699 -0.2818376467 0)
(0.3836870417 -0.2348003469 0)
(0.4241751887 -0.1935165599 0)
(0.4548526044 -0.1587534661 0)
(0.4785275929 -0.1301077929 0)
(0.4971745716 -0.1067492927 0)
(0.5121384711 -0.08777957639 0)
(0.5243331098 -0.07237996578 0)
(0.5343894002 -0.05985720653 0)
(0.5427548549 -0.04964485821 0)
(0.5497571464 -0.04128824526 0)
(0.5556439036 -0.03442538122 0)
(0.5606076177 -0.02876886763 0)
(0.564801442 -0.02409042443 0)
(0.5683494649 -0.02020829938 0)
(0.5713536063 -0.01697727294 0)
(0.5738984188 -0.0142808251 0)
(0.5760545549 -0.01202503445 0)
(0.577881359 -0.01013383644 0)
(0.5794288622 -0.008545336808 0)
(0.580739357 -0.007208939367 0)
(0.5818486625 -0.006083100963 0)
(0.5827871576 -0.005133569615 0)
(0.583580633 -0.004331995358 0)
(0.5842509996 -0.003654829458 0)
(0.5848168813 -0.003082447515 0)
(0.5852941129 -0.002598447134 0)
(0.5856961605 -0.002189082359 0)
(0.5860344759 -0.001842805796 0)
(0.5863187972 -0.001549895971 0)
(0.5865574037 -0.00130215253 0)
(0.586757332 -0.001092645719 0)
(0.5869245596 -0.0009155095364 0)
(0.5870641605 -0.0007657701741 0)
(0.5871804381 -0.0006392031415 0)
(0.5872770371 -0.0005322137756 0)
(0.5873570393 -0.0004417369034 0)
(0.5874230439 -0.0003651522312 0)
(0.587477236 -0.0003002126768 0)
(0.5875214444 -0.0002449833631 0)
(0.5875571891 -0.00019778939 0)
(0.5875857222 -0.0001571708172 0)
(0.5876080609 -0.0001218435409 0)
(0.5876250143 -9.066494298e-05 0)
(0.5876372053 -6.260335215e-05 0)
(0.587645087 -3.671047232e-05 0)
(0.587648955 -1.209603137e-05 0)
(0.08262827888 -0.5910652194 0)
(0.2302894469 -0.5305512705 0)
(0.3387636502 -0.4434634171 0)
(0.4096595168 -0.3596137147 0)
(0.4545634328 -0.2888738626 0)
(0.4835937594 -0.2321343424 0)
(0.5033494953 -0.1873798857 0)
(0.5176663838 -0.1521372093 0)
(0.5286672308 -0.1242503106 0)
(0.5375129208 -0.102024678 0)
(0.5448487771 -0.08417552419 0)
(0.5510491036 -0.06973713717 0)
(0.5563458632 -0.05798121338 0)
(0.5608950503 -0.04835386158 0)
(0.5648106381 -0.04042955825 0)
(0.5681819353 -0.03387803884 0)
(0.5710825332 -0.02844048282 0)
(0.5735750161 -0.02391224883 0)
(0.5757135482 -0.02013022158 0)
(0.5775454012 -0.01696343032 0)
(0.5791119536 -0.01430601401 0)
(0.5804494248 -0.01207189055 0)
(0.5815894678 -0.01019067775 0)
(0.5825596825 -0.008604544289 0)
(0.5833840737 -0.007265758318 0)
(0.5840834677 -0.006134764406 0)
(0.5846758898 -0.005178663926 0)
(0.585176907 -0.004370005933 0)
(0.5855999362 -0.003685818798 0)
(0.58595652 -0.003106829856 0)
(0.5862565723 -0.002616832873 0)
(0.5865085949 -0.002202172495 0)
(0.586719868 -0.001851321882 0)
(0.5868966178 -0.001554535004 0)
(0.5870441614 -0.001303559095 0)
(0.5871670336 -0.00109139587 0)
(0.5872690966 -0.0009121024314 0)
(0.5873536344 -0.000760624649 0)
(0.587423434 -0.0006326571957 0)
(0.5874808559 -0.0005245255523 0)
(0.5875278933 -0.0004330861496 0)
(0.5875662232 -0.0003556415178 0)
(0.5875972498 -0.000289867854 0)
(0.5876221411 -0.0002337528584 0)
(0.587641859 -0.0001855420359 0)
(0.587657185 -0.0001436919382 0)
(0.587668741 -0.0001068290429 0)
(0.5876770054 -7.371314333e-05 0)
(0.5876823264 -4.320425767e-05 0)
(0.5876849308 -1.423217414e-05 0)
(0.1386112579 -0.8860512683 0)
(0.3635235057 -0.7323297759 0)
(0.4861249865 -0.5497858237 0)
(0.5358231758 -0.4140833824 0)
(0.5536595381 -0.3180578991 0)
(0.5595004911 -0.2494453452 0)
(0.5615154484 -0.1990964739 0)
(0.5627003597 -0.1610896875 0)
(0.5639912799 -0.1316868551 0)
(0.5655715195 -0.108489373 0)
(0.5673831643 -0.08990749717 0)
(0.5693151479 -0.07484824427 0)
(0.571265889 -0.0625334406 0)
(0.5731593532 -0.05239183614 0)
(0.5749450006 -0.04399323055 0)
(0.5765930516 -0.03700683071 0)
(0.578089162 -0.0311739687 0)
(0.5794298132 -0.02628960849 0)
(0.5806186977 -0.02218941739 0)
(0.5816640289 -0.01874048006 0)
(0.5825766079 -0.01583447296 0)
(0.583368474 -0.01338254791 0)
(0.5840519906 -0.0113114332 0)
(0.5846392496 -0.009560420344 0)
(0.5851417023 -0.008079007567 0)
(0.5855699501 -0.00682503754 0)
(0.5859336443 -0.005763212519 0)
(0.5862414598 -0.004863900881 0)
(0.586501116 -0.004102171068 0)
(0.5867194275 -0.003457004654 0)
(0.5869023704 -0.002910651645 0)
(0.5870551572 -0.002448099608 0)
(0.5871823138 -0.002056634488 0)
(0.5872877541 -0.001725475755 0)
(0.5873748509 -0.001445472143 0)
(0.5874465018 -0.001208847026 0)
(0.5875051888 -0.001008984634 0)
(0.5875530317 -0.0008402500158 0)
(0.5875918359 -0.000697836954 0)
(0.587623134 -0.0005776391065 0)
(0.5876482226 -0.0004761404755 0)
(0.5876681938 -0.0003903219714 0)
(0.5876839626 -0.0003175813792 0)
(0.5876962902 -0.0002556644636 0)
(0.5877058034 -0.0002026052996 0)
(0.5877130115 -0.0001566741978 0)
(0.5877183193 -0.0001163318171 0)
(0.5877220383 -8.018824319e-05 0)
(0.587724395 -4.696595033e-05 0)
(0.5877255369 -1.54656765e-05 0)
(0.2875902689 -1.454319971 0)
(0.6786433733 -0.9853482101 0)
(0.7630921751 -0.5728344333 0)
(0.7186300831 -0.3980162359 0)
(0.6740808159 -0.298507839 0)
(0.642208993 -0.2342875788 0)
(0.6211570389 -0.1888715778 0)
(0.6075458755 -0.1547462477 0)
(0.5988009834 -0.1280916658 0)
(0.5932187315 -0.1067485459 0)
(0.5897036155 -0.08937702931 0)
(0.5875478457 -0.07508033054 0)
(0.5862877407 -0.06322220255 0)
(0.5856153304 -0.05333114605 0)
(0.5853239787 -0.04504631483 0)
(0.5852742844 -0.03808488869 0)
(0.5853721628 -0.03222122914 0)
(0.5855544179 -0.02727288975 0)
(0.5857790528 -0.0230908287 0)
(0.5860186604 -0.01955232054 0)
(0.5862558632 -0.01655567491 0)
(0.5864801445 -0.01401620914 0)
(0.5866856379 -0.01186311867 0)
(0.5868695833 -0.01003700738 0)
(0.5870312508 -0.008487914153 0)
(0.5871711945 -0.007173719551 0)
(0.5872907387 -0.006058848432 0)
(0.5873916289 -0.005113205916 0)
(0.5874757978 -0.004311299521 0)
(0.5875452126 -0.003631511177 0)
(0.587601779 -0.003055490913 0)
(0.5876472844 -0.002567649982 0)
(0.5876833665 -0.002154735738 0)
(0.5877115009 -0.001805474067 0)
(0.5877329997 -0.001510267869 0)
(0.587749017 -0.001260942226 0)
(0.5877605593 -0.001050528572 0)
(0.587768498 -0.000873081505 0)
(0.5877735819 -0.000723522998 0)
(0.5877764512 -0.0005975096095 0)
(0.5877776494 -0.0004913190203 0)
(0.5877776353 -0.000401752804 0)
(0.5877767932 -0.0003260528129 0)
(0.5877754425 -0.0002618289546 0)
(0.587773846 -0.000206996453 0)
(0.5877722163 -0.0001597209533 0)
(0.5877707223 -0.000118370046 0)
(0.5877694932 -8.146995461e-05 0)
(0.5877686231 -4.766627585e-05 0)
(0.587768173 -1.56877641e-05 0)
(1.014458889 -0.005444928835 0)
(1.025891704 -0.009798824227 0)
(1.046834138 -0.01812442106 0)
(0.9015919684 -0.2480649999 0)
(0.7719644144 -0.2162233136 0)
(0.7056821727 -0.1857000183 0)
(0.6675705566 -0.1585743779 0)
(0.6437402424 -0.1351214776 0)
(0.6279882156 -0.1150538773 0)
(0.6171910349 -0.09794709083 0)
(0.6096074515 -0.08338021862 0)
(0.6041882503 -0.07097717987 0)
(0.6002648017 -0.06041394849 0)
(0.5973938702 -0.05141494437 0)
(0.5952733437 -0.04374667899 0)
(0.5936931658 -0.03721136162 0)
(0.5925051606 -0.03164125373 0)
(0.5916036805 -0.0268938984 0)
(0.5909127899 -0.02284814597 0)
(0.5903775673 -0.01940084987 0)
(0.5899580898 -0.01646411265 0)
(0.5896252157 -0.01396298094 0)
(0.5893575929 -0.01183350781 0)
(0.5891395223 -0.01002111787 0)
(0.5889594194 -0.00847922318 0)
(0.5888087044 -0.007168048706 0)
(0.5886809958 -0.006053633494 0)
(0.588571525 -0.00510698007 0)
(0.588476709 -0.004303329216 0)
(0.588393839 -0.003621541113 0)
(0.588320852 -0.003043566922 0)
(0.5882561641 -0.002553997356 0)
(0.5881985484 -0.00213967686 0)
(0.5881470446 -0.001789373762 0)
(0.5881008933 -0.001493498162 0)
(0.5880594875 -0.001243860559 0)
(0.5880223364 -0.001033465245 0)
(0.5879890392 -0.0008563333316 0)
(0.5879592651 -0.0007073510535 0)
(0.5879327393 -0.0005821395806 0)
(0.5879092316 -0.0004769431247 0)
(0.5878885487 -0.0003885325694 0)
(0.5878705277 -0.0003141222328 0)
(0.587855032 -0.0002512977008 0)
(0.5878419474 -0.0001979529361 0)
(0.5878311801 -0.0001522351002 0)
(0.587822654 -0.0001124957131 0)
(0.58781631 -7.724693256e-05 0)
(0.5878121046 -4.512186008e-05 0)
(0.5878100089 -1.483788098e-05 0)
(1.014458889 -0.005444928835 0)
(1.025891704 -0.009798824227 0)
(1.046834138 -0.01812442106 0)
(0.7953205905 -0.1090746385 0)
(0.7572341246 -0.1315949823 0)
(0.7190742406 -0.1310721822 0)
(0.6885950931 -0.1217478626 0)
(0.6655732096 -0.1094783961 0)
(0.6483668324 -0.09675241999 0)
(0.6354502764 -0.08463023257 0)
(0.6256634968 -0.07353659286 0)
(0.6181695391 -0.06360326055 0)
(0.6123707213 -0.05482484598 0)
(0.6078383564 -0.04713298495 0)
(0.604262089 -0.04043291332 0)
(0.6014148514 -0.03462190662 0)
(0.5991287804 -0.02959860708 0)
(0.5972785615 -0.02526761301 0)
(0.5957697842 -0.02154154087 0)
(0.5945307048 -0.01834171896 0)
(0.5935063551 -0.01559814062 0)
(0.5926542843 -0.01324902635 0)
(0.5919414554 -0.01124019351 0)
(0.5913419628 -0.009524347904 0)
(0.590835343 -0.008060362938 0)
(0.590405314 -0.006812583618 0)
(0.5900388302 -0.005750175376 0)
(0.589725368 -0.004846527435 0)
(0.5894563831 -0.004078714021 0)
(0.5892248956 -0.003427012981 0)
(0.5890251707 -0.002874479155 0)
(0.5888524712 -0.002406568604 0)
(0.5887028646 -0.002010809274 0)
(0.5885730725 -0.001676513462 0)
(0.5884603506 -0.001394527569 0)
(0.5883623942 -0.001157014824 0)
(0.5882772623 -0.0009572669824 0)
(0.5882033169 -0.0007895413621 0)
(0.5881391736 -0.0006489199001 0)
(0.5880836618 -0.0005311872991 0)
(0.5880357921 -0.0004327256282 0)
(0.5879947298 -0.000350423057 0)
(0.587959773 -0.0002815946669 0)
(0.5879303349 -0.0002239135274 0)
(0.5879059295 -0.0001753504349 0)
(0.5878861593 -0.0001341208939 0)
(0.5878707065 -9.863807992e-05 0)
(0.587859325 -6.747065169e-05 0)
(0.5878518352 -3.930438945e-05 0)
(0.5878481193 -1.290672292e-05 0)
(1.00550849 -0.01278813494 0)
(1.008985715 -0.02233567011 0)
(1.013773505 -0.03989454083 0)
(0.7623808342 -0.07562678917 0)
(0.7426343561 -0.08793223959 0)
(0.7188116656 -0.09209149207 0)
(0.6963622714 -0.09015716374 0)
(0.6770674992 -0.08464688732 0)
(0.6611191003 -0.0773775605 0)
(0.648145471 -0.06948484501 0)
(0.6376434142 -0.0616301984 0)
(0.6291372461 -0.0541761541 0)
(0.6222251692 -0.04730409274 0)
(0.6165831137 -0.04108784435 0)
(0.6119547815 -0.03553858777 0)
(0.6081389075 -0.03063208332 0)
(0.6049775521 -0.02632519514 0)
(0.6023464354 -0.02256591086 0)
(0.6001473153 -0.01929937981 0)
(0.5983021009 -0.01647148838 0)
(0.5967483466 -0.01403089914 0)
(0.5954358118 -0.01193012699 0)
(0.5943238309 -0.01012601302 0)
(0.5933792964 -0.008579825686 0)
(0.5925751051 -0.007257137106 0)
(0.5918889545 -0.006127569943 0)
(0.5913024041 -0.005164476721 0)
(0.5908001401 -0.004344591198 0)
(0.590369395 -0.003647676825 0)
(0.5899994855 -0.00305618758 0)
(0.5896814445 -0.002554950008 0)
(0.589407724 -0.002130871016 0)
(0.5891719552 -0.001772673211 0)
(0.5889687535 -0.001470657749 0)
(0.5887935582 -0.001216493603 0)
(0.5886425016 -0.00100303148 0)
(0.588512301 -0.0008241403274 0)
(0.5884001686 -0.0006745642223 0)
(0.5883037372 -0.0005497974383 0)
(0.5882209983 -0.0004459755861 0)
(0.5881502506 -0.0003597808434 0)
(0.5880900567 -0.0002883594449 0)
(0.5880392071 -0.0002292497664 0)
(0.587996691 -0.0001803194929 0)
(0.587961671 -0.0001397105088 0)
(0.5879334632 -0.0001057902838 0)
(0.587911521 -7.710864987e-05 0)
(0.5878954216 -5.235896467e-05 0)
(0.5878848565 -3.034274869e-05 0)
(0.5878796238 -9.936950275e-06 0)
(0.9945555221 -0.01272237251 0)
(0.9897498297 -0.02063014166 0)
(0.9782656312 -0.032671525 0)
(0.757866686 -0.04836476657 0)
(0.7352811874 -0.05875162669 0)
(0.7161076751 -0.06394383455 0)
(0.6985212328 -0.06492370596 0)
(0.6826126806 -0.06294257932 0)
(0.6685828888 -0.05911094755 0)
(0.6564467592 -0.05427177944 0)
(0.6460750847 -0.0490116221 0)
(0.6372710134 -0.04371441134 0)
(0.629821801 -0.03861744977 0)
(0.6235256964 -0.03385694053 0)
(0.6182031038 -0.02950159179 0)
(0.6136993749 -0.02557627555 0)
(0.609883677 -0.02207826514 0)
(0.6066463153 -0.01898820301 0)
(0.6038956808 -0.01627741496 0)
(0.6015553457 -0.01391272056 0)
(0.5995615036 -0.01185953839 0)
(0.5978607991 -0.01008383533 0)
(0.5964085238 -0.008553296287 0)
(0.5951671307 -0.007237972353 0)
(0.5941050173 -0.006110584311 0)
(0.5931955279 -0.005146602598 0)
(0.5924161352 -0.004324186604 0)
(0.5917477678 -0.003624039583 0)
(0.5911742546 -0.003029217178 0)
(0.5906818647 -0.002524914763 0)
(0.5902589261 -0.002098250053 0)
(0.5898955069 -0.001738051319 0)
(0.589583149 -0.001434657425 0)
(0.5893146454 -0.001179733032 0)
(0.5890838523 -0.0009661004872 0)
(0.5888855319 -0.0007875886325 0)
(0.5887152186 -0.0006388980328 0)
(0.5885691074 -0.0005154816232 0)
(0.5884439584 -0.0004134395422 0)
(0.5883370173 -0.0003294267899 0)
(0.588245947 -0.0002605723359 0)
(0.5881687712 -0.0002044083307 0)
(0.5881038262 -0.000158808146 0)
(0.5880497206 -0.0001219320554 0)
(0.5880053017 -9.217945539e-05 0)
(0.5879696284 -6.814662326e-05 0)
(0.5879419482 -4.858908879e-05 0)
(0.5879216796 -3.238777689e-05 0)
(0.5879083979 -1.851814342e-05 0)
(0.5879018256 -6.021581437e-06 0)
(0.9945555221 -0.01272237251 0)
(0.9897498297 -0.02063014166 0)
(0.9782656312 -0.032671525 0)
(0.7275855715 -0.03056536938 0)
(0.7218622655 -0.03880595115 0)
(0.7105822266 -0.04328477515 0)
(0.6976972784 -0.04495424474 0)
(0.6848178438 -0.04452805822 0)
(0.6726801668 -0.0426355103 0)
(0.6616112383 -0.03980713919 0)
(0.6517199049 -0.03645891855 0)
(0.6429961426 -0.03289667002 0)
(0.6353684636 -0.02933266932 0)
(0.628737591 -0.02590575141 0)
(0.6229956681 -0.02270009356 0)
(0.6180366763 -0.01976081296 0)
(0.6137616488 -0.01710609375 0)
(0.6100809023 -0.01473623013 0)
(0.6069146253 -0.01264017253 0)
(0.604192603 -0.01080015322 0)
(0.6018535269 -0.009194881435 0)
(0.5998441346 -0.007801696532 0)
(0.5981183148 -0.006597974912 0)
(0.5966362457 -0.00556201077 0)
(0.5953635981 -0.004673531372 0)
(0.5942708181 -0.003913962867 0)
(0.5933324881 -0.003266529422 0)
(0.592526766 -0.002716244207 0)
(0.5918348947 -0.002249833105 0)
(0.591240775 -0.001855619362 0)
(0.5907305957 -0.00152338836 0)
(0.5902925141 -0.001244245241 0)
(0.5899163796 -0.001010473636 0)
(0.5895934961 -0.0008154005861 0)
(0.5893164174 -0.0006532705879 0)
(0.5890787716 -0.0005191302209 0)
(0.5888751104 -0.0004087238444 0)
(0.5887007799 -0.0003184002179 0)
(0.5885518103 -0.000245029506 0)
(0.5884248213 -0.0001859299078 0)
(0.5883169419 -0.0001388030307 0)
(0.5882257423 -0.0001016770909 0)
(0.5881491755 -7.285702527e-05 0)
(0.5880855292 -5.088063452e-05 0)
(0.5880333849 -3.447992582e-05 0)
(0.5879915837 -2.254687804e-05 0)
(0.5879591995 -1.410290984e-05 0)
(0.5879355162 -8.271383061e-06 0)
(0.5879200114 -4.252522195e-06 0)
(0.5879123434 -1.300169754e-06 0)
(0.9882554066 -0.007544209367 0)
(0.9823868446 -0.01157596575 0)
(0.9747499231 -0.01623087431 0)
(0.7279282283 -0.02338406949 0)
(0.7183219797 -0.02554784496 0)
(0.7079099503 -0.02762012354 0)
(0.696863522 -0.02871039436 0)
(0.6857043266 -0.02872040183 0)
(0.6748774475 -0.02782375868 0)
(0.6646822148 -0.02626667584 0)
(0.6552890435 -0.02428670903 0)
(0.646772679 -0.02208204363 0)
(0.6391430258 -0.01980418612 0)
(0.6323691307 -0.01756121107 0)
(0.626396355 -0.01542503576 0)
(0.6211580414 -0.01343946348 0)
(0.6165831208 -0.01162751241 0)
(0.6126008769 -0.00999749098 0)
(0.6091437834 -0.008547750931 0)
(0.6061490672 -0.007270256927 0)
(0.6035594458 -0.006153181134 0)
(0.6013233411 -0.005182734119 0)
(0.5993947715 -0.00434441802 0)
(0.5977330554 -0.003623854082 0)
(0.5963024145 -0.003007303512 0)
(0.5950715305 -0.002481971915 0)
(0.5940130934 -0.002036164273 0)
(0.5931033629 -0.001659339298 0)
(0.5923217544 -0.001342098168 0)
(0.5916504577 -0.00107613242 0)
(0.5910740916 -0.0008541482085 0)
(0.5905793932 -0.0006697786936 0)
(0.5901549419 -0.0005174924149 0)
(0.5897909161 -0.0003925027144 0)
(0.5894788795 -0.0002906813441 0)
(0.5892115942 -0.0002084780477 0)
(0.5889828586 -0.0001428469893 0)
(0.5887873665 -9.118029748e-05 0)
(0.5886205855 -5.1248601e-05 0)
(0.5884786526 -2.114818797e-05 0)
(0.5883582841 7.457186808e-07 0)
(0.5882566992 1.582014737e-05 0)
(0.5881715549 2.526062869e-05 0)
(0.5881008901 3.008311001e-05 0)
(0.5880430801 3.116211209e-05 0)
(0.5879967978 2.925567527e-05 0)
(0.5879609822 2.502760945e-05 0)
(0.5879348134 1.906752792e-05 0)
(0.5879176928 1.190911402e-05 0)
(0.5879092292 4.047042688e-06 0)
(0.9852689892 -0.0004129562342 0)
(0.9781676098 -0.001413963734 0)
(0.9683246832 -0.003086412155 0)
(0.7259835268 -0.01064540529 0)
(0.7162141934 -0.01245239993 0)
(0.7063654941 -0.01370126351 0)
(0.6962302407 -0.01438701216 0)
(0.6860000247 -0.01452456877 0)
(0.6759518014 -0.01418612206 0)
(0.6663273045 -0.01347800624 0)
(0.6572994146 -0.01251396369 0)
(0.6489728398 -0.01139753657 0)
(0.6413962403 -0.01021368965 0)
(0.6345764582 -0.00902680455 0)
(0.6284913316 -0.007882239242 0)
(0.6231000408 -0.006809454055 0)
(0.6183509454 -0.005825500603 0)
(0.6141872509 -0.004938251599 0)
(0.6105509373 -0.004149114143 0)
(0.6073853628 -0.003455172707 0)
(0.6046368907 -0.002850807451 0)
(0.6022558188 -0.0023288723 0)
(0.6001968215 -0.001881523954 0)
(0.598419065 -0.001500784739 0)
(0.5968861077 -0.001178908592 0)
(0.5955656704 -0.0009086050439 0)
(0.5944293316 -0.0006831632743 0)
(0.5934521875 -0.0004965075522 0)
(0.5926125039 -0.0003432069965 0)
(0.5918913749 -0.0002184560825 0)
(0.5912724007 -0.0001180374851 0)
(0.5907413885 -3.827528171e-05 0)
(0.5902860809 2.401605564e-05 0)
(0.5898959109 7.158329987e-05 0)
(0.5895617836 0.0001067844756 0)
(0.5892758841 0.0001316358816 0)
(0.5890315074 0.0001478554062 0)
(0.5888229111 0.0001569018368 0)
(0.5886451864 0.0001600101412 0)
(0.588494147 0.0001582228764 0)
(0.588366233 0.0001524179843 0)
(0.5882584288 0.000143333292 0)
(0.5881681928 0.0001315880603 0)
(0.5880933979 0.0001177019287 0)
(0.5880322816 0.0001021115968 0)
(0.5879834044 8.518556892e-05 0)
(0.5879456153 6.723726772e-05 0)
(0.5879180249 4.853680755e-05 0)
(0.5878999841 2.932169671e-05 0)
(0.5878910685 9.806724526e-06 0)
(0.9852689892 -0.0004129562342 0)
(0.9781676098 -0.001413963734 0)
(0.9683246832 -0.003086412155 0)
(0.7219839665 0.0005924463928 0)
(0.7142475021 -0.0003491878984 0)
(0.7053304673 -0.0007834967024 0)
(0.6957657817 -0.001038193591 0)
(0.68597218 -0.001174963811 0)
(0.6762728642 -0.001205674999 0)
(0.6669117593 -0.001144317483 0)
(0.6580630031 -0.001012124242 0)
(0.6498397111 -0.0008328869006 0)
(0.6423040018 -0.0006285944234 0)
(0.6354777313 -0.0004171628302 0)
(0.6293528223 -0.0002118336227 0)
(0.6239003595 -2.152154718e-05 0)
(0.6190780574 0.0001484302195 0)
(0.6148360589 0.000295408311 0)
(0.6111212219 0.0004187600145 0)
(0.6078801428 0.0005191580531 0)
(0.6050611797 0.0005981086432 0)
(0.6026157191 0.0006575882798 0)
(0.6004988882 0.0006997863472 0)
(0.5986698759 0.000726930054 0)
(0.5970919875 0.0007411709516 0)
(0.5957325242 0.0007445160994 0)
(0.5945625568 0.0007387906978 0)
(0.593556638 0.0007256222671 0)
(0.5926924896 0.0007064390932 0)
(0.5919506837 0.0006824777072 0)
(0.5913143327 0.0006547957164 0)
(0.5907687979 0.0006242874477 0)
(0.59030142 0.0005917006919 0)
(0.589901274 0.0005576534359 0)
(0.5895589496 0.000522649886 0)
(0.5892663554 0.0004870953778 0)
(0.5890165466 0.000451309969 0)
(0.5888035728 0.0004155406399 0)
(0.5886223469 0.0003799721175 0)
(0.5884685297 0.0003447363894 0)
(0.5883384313 0.000309921006 0)
(0.588228926 0.0002755762844 0)
(0.5881373797 0.0002417215362 0)
(0.5880615881 0.0002083504365 0)
(0.5879997249 0.0001754356523 0)
(0.5879502987 0.0001429328373 0)
(0.5879121172 0.0001107840975 0)
(0.5878842593 7.892102168e-05 0)
(0.5878660527 4.726736622e-05 0)
(0.587857058 1.574147635e-05 0)
(0.986111906 0.00741943391 0)
(0.9788222367 0.009941711026 0)
(0.9679223925 0.01321494093 0)
(0.7210318291 0.008576067514 0)
(0.7143796026 0.01085211216 0)
(0.7054468198 0.01181496004 0)
(0.6957082845 0.01210097757 0)
(0.6857767161 0.01198609176 0)
(0.6759926632 0.01161109437 0)
(0.6665853722 0.0110634411 0)
(0.6577146553 0.01040608125 0)
(0.6494842129 0.009687220302 0)
(0.6419505391 0.008943809048 0)
(0.6351321392 0.008203327576 0)
(0.6290188533 0.007485269122 0)
(0.6235803926 0.006802607066 0)
(0.6187735186 0.006163203133 0)
(0.6145476907 0.005571070689 0)
(0.6108492703 0.005027440689 0)
(0.6076244943 0.004531617612 0)
(0.6048214643 0.004081639766 0)
(0.602391389 0.00367477165 0)
(0.6002892772 0.003307859956 0)
(0.5984742445 0.002977583175 0)
(0.5969095558 0.002680620717 0)
(0.5955624967 0.002413762664 0)
(0.5944041398 0.002173976722 0)
(0.593409052 0.001958444963 0)
(0.5925549778 0.001764579783 0)
(0.5918225171 0.001590025905 0)
(0.5911948137 0.001432653412 0)
(0.5906572618 0.001290545265 0)
(0.5901972356 0.001161981773 0)
(0.5898038431 0.00104542365 0)
(0.5894677062 0.0009394947776 0)
(0.5891807642 0.0008429653643 0)
(0.5889361011 0.0007547359459 0)
(0.588727794 0.0006738224533 0)
(0.5885507808 0.0005993424593 0)
(0.5884007456 0.0005305026231 0)
(0.5882740196 0.0004665872954 0)
(0.5881674962 0.0004069482131 0)
(0.5880785583 0.0003509951924 0)
(0.5880050167 0.000298187717 0)
(0.5879450582 0.0002480273181 0)
(0.5878972023 0.0002000506386 0)
(0.5878602662 0.00015382308 0)
(0.5878333359 0.000108932933 0)
(0.5878157447 6.498589687e-05 0)
(0.5878070567 2.159989547e-05 0)
(0.986111906 0.00741943391 0)
(0.9788222367 0.009941711026 0)
(0.9679223925 0.01321494093 0)
(0.7319673355 0.02177824417 0)
(0.7185660255 0.02438798425 0)
(0.7069956212 0.02561667074 0)
(0.6959939573 0.02595286577 0)
(0.6853190024 0.02560956792 0)
(0.6750426634 0.02473480753 0)
(0.6653050752 0.02346623357 0)
(0.6562280421 0.02193362203 0)
(0.6478900148 0.02025097249 0)
(0.6403254782 0.01851100401 0)
(0.6335330114 0.01678395484 0)
(0.627485195 0.01511944493 0)
(0.6221376049 0.01354983235 0)
(0.6174360089 0.01209393784 0)
(0.6133217089 0.0107605065 0)
(0.6097352845 0.009551131274 0)
(0.6066190749 0.008462574537 0)
(0.6039187184 0.007488531367 0)
(0.6015840127 0.006620921381 0)
(0.5995693036 0.005850804831 0)
(0.5978335569 0.005169010834 0)
(0.5963402268 0.004566551538 0)
(0.5950569989 0.004034881034 0)
(0.5939554665 0.003566044195 0)
(0.5930107754 0.003152749299 0)
(0.5922012642 0.002788389266 0)
(0.5915081152 0.002467029421 0)
(0.5909150252 0.002183374492 0)
(0.5904079024 0.001932723697 0)
(0.5899745912 0.001710919975 0)
(0.5896046246 0.00151429742 0)
(0.5892890052 0.001339629519 0)
(0.5890200103 0.001184079804 0)
(0.5887910227 0.001045155832 0)
(0.5885963815 0.0009206669359 0)
(0.5884312538 0.0008086858541 0)
(0.5882915228 0.0007075141751 0)
(0.5881736921 0.0006156513706 0)
(0.5880748032 0.0005317671435 0)
(0.5879923657 0.0004546767678 0)
(0.5879242976 0.0003833190837 0)
(0.5878688755 0.0003167368162 0)
(0.587824693 0.0002540588916 0)
(0.5877906269 0.0001944844416 0)
(0.5877658097 0.000137268203 0)
(0.5877496087 8.170703237e-05 0)
(0.5877416102 2.712727377e-05 0)
(0.9912147218 0.01421137105 0)
(0.9858949525 0.0199623586 0)
(0.979103261 0.02678300771 0)
(0.7316053734 0.03979940403 0)
(0.7194975047 0.04037906275 0)
(0.7075333285 0.0410050329 0)
(0.6956988141 0.04101274131 0)
(0.6841526385 0.04017786635 0)
(0.6731348841 0.03855863372 0)
(0.6628504582 0.0363384262 0)
(0.6534276406 0.03372789705 0)
(0.6449207222 0.03091662501 0)
(0.6373278489 0.02805523133 0)
(0.6306100605 0.02525340118 0)
(0.62470669 0.0225849144 0)
(0.6195463831 0.02009489217 0)
(0.6150544174 0.01780696024 0)
(0.6111572819 0.01572939812 0)
(0.607785361 0.01386003343 0)
(0.6048743611 0.01218995179 0)
(0.6023659268 0.01070620842 0)
(0.6002077537 0.009393749447 0)
(0.5983533965 0.008236731834 0)
(0.5967619068 0.007219399023 0)
(0.5953973827 0.006326635618 0)
(0.594228487 0.005544295109 0)
(0.5932279641 0.004859370436 0)
(0.5923721788 0.004260058323 0)
(0.5916406846 0.003735753969 0)
(0.5910158307 0.003277001973 0)
(0.590482406 0.002875421559 0)
(0.5900273225 0.002523618443 0)
(0.5896393339 0.002215091656 0)
(0.5893087892 0.001944140694 0)
(0.589027416 0.001705776376 0)
(0.5887881326 0.001495637367 0)
(0.5885848839 0.001309913363 0)
(0.5884125007 0.001145275303 0)
(0.5882665771 0.0009988125327 0)
(0.5881433662 0.000867976617 0)
(0.5880396902 0.000750531308 0)
(0.5879528634 0.0006445081161 0)
(0.5878806275 0.0005481668915 0)
(0.5878210968 0.0004599608208 0)
(0.5877727112 0.0003785052605 0)
(0.5877341991 0.0003025498562 0)
(0.5877045453 0.0002309534275 0)
(0.587682966 0.0001626611299 0)
(0.5876688901 9.668343535e-05 0)
(0.5876619443 3.207649911e-05 0)
(0.9995195821 0.01843225389 0)
(0.9955844189 0.02808138562 0)
(0.9844887522 0.04251379168 0)
(0.7322400705 0.05612320173 0)
(0.7201735306 0.05628780983 0)
(0.7078405259 0.05749252706 0)
(0.6948910686 0.05757054286 0)
(0.682046859 0.05614057843 0)
(0.6699234098 0.05345085972 0)
(0.658864093 0.04990452397 0)
(0.6489989738 0.04587904831 0)
(0.6403264605 0.04167138267 0)
(0.6327745131 0.03749356792 0)
(0.6262392555 0.03348579268 0)
(0.620607183 0.02973311353 0)
(0.6157669993 0.02628068036 0)
(0.6116153502 0.02314599187 0)
(0.6080591399 0.02032816097 0)
(0.6050160227 0.01781465463 0)
(0.6024139749 0.01558606098 0)
(0.6001904487 0.01361937989 0)
(0.5982913773 0.01189023732 0)
(0.5966701697 0.0103743303 0)
(0.595286762 0.00904833049 0)
(0.5941067549 0.007890412328 0)
(0.5931006453 0.006880525479 0)
(0.5922431508 0.006000496571 0)
(0.5915126201 0.005234020222 0)
(0.5908905224 0.004566581147 0)
(0.5903610053 0.003985336161 0)
(0.5899105138 0.003478975649 0)
(0.5895274625 0.003037577493 0)
(0.5892019542 0.002652461872 0)
(0.5889255376 0.002316052157 0)
(0.5886910008 0.002021744906 0)
(0.588492193 0.001763790475 0)
(0.5883238733 0.001537184774 0)
(0.5881815804 0.001337572044 0)
(0.5880615222 0.001161158136 0)
(0.5879604812 0.001004633536 0)
(0.5878757341 0.0008651052596 0)
(0.587804984 0.0007400367023 0)
(0.5877463027 0.0006271945193 0)
(0.5876980821 0.0005246016505 0)
(0.5876589942 0.0004304956495 0)
(0.5876279573 0.0003432915308 0)
(0.5876041086 0.0002615484026 0)
(0.5875867831 0.0001839392068 0)
(0.5875754958 0.0001092229347 0)
(0.5875699303 3.621872353e-05 0)
(1.01800367 0.02769681382 0)
(1.01800367 0.02769681382 0)
(1.025697131 0.04743463709 0)
(0.7216282032 0.05855883251 0)
(0.7213232718 0.07034747399 0)
(0.7092436392 0.07598304593 0)
(0.6938962159 0.07680919815 0)
(0.6786597276 0.07434285366 0)
(0.6648201448 0.06986596042 0)
(0.6527547096 0.06432242598 0)
(0.6424501188 0.05835409288 0)
(0.6337400817 0.05237307204 0)
(0.6264137289 0.04662961206 0)
(0.6202627879 0.04126468 0)
(0.6150998736 0.03634754202 0)
(0.6107635543 0.0319015891 0)
(0.6071177249 0.02792172113 0)
(0.6040488322 0.0243859024 0)
(0.601462561 0.02126276434 0)
(0.5992806614 0.01851654785 0)
(0.5974381619 0.01611026068 0)
(0.5958810209 0.01400763975 0)
(0.5945641874 0.01217431595 0)
(0.5934500161 0.01057845014 0)
(0.592506976 0.009191022261 0)
(0.5917085993 0.007985897283 0)
(0.5910326238 0.006939751487 0)
(0.5904602916 0.006031915858 0)
(0.5899757726 0.005244174386 0)
(0.5895656901 0.004560542392 0)
(0.5892187278 0.003967041108 0)
(0.5889253041 0.003451478703 0)
(0.5886773001 0.003003243809 0)
(0.5884678332 0.002613114795 0)
(0.5882910671 0.0022730862 0)
(0.5881420524 0.001976212507 0)
(0.5880165927 0.001716468679 0)
(0.5879111318 0.001488626434 0)
(0.5878226591 0.001288144972 0)
(0.5877486291 0.001111074769 0)
(0.5876868944 0.0009539730434 0)
(0.587635649 0.0008138295117 0)
(0.5875933808 0.0006880011442 0)
(0.5875588316 0.0005741547152 0)
(0.5875309644 0.0004702160257 0)
(0.5875089361 0.0003743247779 0)
(0.5874920755 0.0002847941642 0)
(0.5874798654 0.0002000743086 0)
(0.5874719295 0.00011871877 0)
(0.5874680221 3.935336729e-05 0)
(1.012509527 0.0167381868 0)
(1.01800367 0.02769681382 0)
(1.025697131 0.04743463709 0)
(0.7726313664 0.07293435491 0)
(0.7434058152 0.09534592844 0)
(0.7164561581 0.1030236443 0)
(0.6927041455 0.1019011809 0)
(0.6727892087 0.09611943779 0)
(0.6565628396 0.08817731214 0)
(0.6435149362 0.07949552564 0)
(0.6330665019 0.07085169341 0)
(0.6246938194 0.06265243103 0)
(0.6179633237 0.05509271765 0)
(0.6125298287 0.04824748897 0)
(0.6081230618 0.04212430817 0)
(0.6045325715 0.03669390239 0)
(0.6015944346 0.03190802952 0)
(0.5991805308 0.02770998929 0)
(0.5971902166 0.02404079126 0)
(0.59554397 0.02084271592 0)
(0.5941785712 0.01806129038 0)
(0.593043451 0.01564629172 0)
(0.5920979169 0.01355215408 0)
(0.5913090371 0.01173801344 0)
(0.5906500178 0.01016753815 0)
(0.590098951 0.00880863943 0)
(0.5896378422 0.007633121664 0)
(0.5892518506 0.006616310769 0)
(0.5889286911 0.005736684109 0)
(0.588658161 0.00497551625 0)
(0.5884317622 0.004316548558 0)
(0.5882423995 0.003745686562 0)
(0.5880841356 0.003250726404 0)
(0.5879519941 0.00282111002 0)
(0.5878417977 0.002447707668 0)
(0.5877500363 0.002122625888 0)
(0.5876737585 0.001839038659 0)
(0.5876104821 0.001591039435 0)
(0.58755812 0.001373511789 0)
(0.5875149186 0.001182016485 0)
(0.5874794071 0.001012692928 0)
(0.5874503548 0.0008621731402 0)
(0.5874267363 0.0007275065452 0)
(0.5874077019 0.0006060940209 0)
(0.5873925543 0.0004956298385 0)
(0.5873807281 0.0003940502312 0)
(0.5873717747 0.0002994874668 0)
(0.5873653492 0.0002102284023 0)
(0.5873612012 0.000124676586 0)
(0.5873591675 4.131704542e-05 0)
(1.022596965 0.006849956771 0)
(1.036513019 0.011704782 0)
(1.060840583 0.0207319691 0)
(0.8072921696 0.1218429045 0)
(0.7614423244 0.1465379076 0)
(0.7179839758 0.145709006 0)
(0.6846906072 0.1352763276 0)
(0.6603612359 0.121736702 0)
(0.6426549286 0.1078036165 0)
(0.6296538846 0.09460115105 0)
(0.6199926593 0.08255894755 0)
(0.612728114 0.07179481402 0)
(0.6072071395 0.06228562824 0)
(0.6029715753 0.05394665729 0)
(0.5996950914 0.04666947427 0)
(0.5971418494 0.0403403794 0)
(0.5951391741 0.03484930209 0)
(0.5935591812 0.0300939123 0)
(0.5923061966 0.02598126672 0)
(0.5913079936 0.02242817327 0)
(0.5905095963 0.0193608945 0)
(0.5898688391 0.01671452411 0)
(0.5893531497 0.01443221978 0)
(0.5889371949 0.01246439388 0)
(0.588601144 0.01076791794 0)
(0.5883293773 0.009305370989 0)
(0.5881095189 0.008044346291 0)
(0.5879317082 0.006956822598 0)
(0.5877880465 0.006018600407 0)
(0.587672176 0.005208800924 0)
(0.5875789549 0.00450942366 0)
(0.5875042079 0.003904957817 0)
(0.5874445314 0.003382042293 0)
(0.5873971416 0.002929169189 0)
(0.5873597549 0.002536425895 0)
(0.5873304937 0.002195271181 0)
(0.5873078107 0.001898341077 0)
(0.5872904293 0.00163928074 0)
(0.5872772951 0.001412598889 0)
(0.5872675373 0.001213541761 0)
(0.5872604366 0.001037983888 0)
(0.5872554005 0.0008823333156 0)
(0.587251942 0.0007434491538 0)
(0.5872496627 0.0006185696077 0)
(0.5872482393 0.0005052488514 0)
(0.587247413 0.000401301297 0)
(0.5872469797 0.0003047519695 0)
(0.5872467842 0.0002137918327 0)
(0.5872467143 0.0001267370232 0)
(0.5872466973 4.199103499e-05 0)
(1.036513019 0.011704782 0)
(1.036513019 0.011704782 0)
(1.060840583 0.0207319691 0)
(0.9265513051 0.2881735829 0)
(0.7752272839 0.2431057173 0)
(0.7014407181 0.2054677488 0)
(0.6607410735 0.1741749357 0)
(0.6361589272 0.1480534506 0)
(0.6203821049 0.1261310407 0)
(0.6098553776 0.1076440885 0)
(0.6026580525 0.09199407729 0)
(0.597662727 0.07870617879 0)
(0.5941657814 0.06739815691 0)
(0.5917082901 0.05775820261 0)
(0.5899813579 0.04952915032 0)
(0.5887723419 0.04249704741 0)
(0.5879324784 0.03648268576 0)
(0.5873564836 0.03133517892 0)
(0.5869692312 0.02692698284 0)
(0.586716807 0.02314996006 0)
(0.5865603723 0.01991221704 0)
(0.5864718847 0.01713552794 0)
(0.5864310765 0.01475321274 0)
(0.5864233013 0.01270837437 0)
(0.5864379873 0.01095242398 0)
(0.5864675221 0.009443840758 0)
(0.5865064443 0.008147124689 0)
(0.5865508561 0.007031909534 0)
(0.5865979956 0.00607220967 0)
(0.5866459253 0.00524577943 0)
(0.5866933048 0.004533567348 0)
(0.5867392243 0.003919250727 0)
(0.5867830841 0.003388838325 0)
(0.5868245056 0.002930330917 0)
(0.586863267 0.002533431092 0)
(0.5868992565 0.002189294944 0)
(0.5869324379 0.001890319463 0)
(0.5869628259 0.001629960291 0)
(0.586990468 0.001402575372 0)
(0.5870154319 0.001203290584 0)
(0.5870377958 0.001027884092 0)
(0.5870576418 0.0008726865387 0)
(0.5870750513 0.0007344946679 0)
(0.5870901015 0.0006104962347 0)
(0.5871028632 0.000498204394 0)
(0.5871133989 0.0003953999596 0)
(0.5871217621 0.0003000801332 0)
(0.587127996 0.0002104124588 0)
(0.5871321335 0.0001246928891 0)
(0.5871341967 4.130694771e-05 0)
(0.1203981823 1.029653843 0)
(0.4440679066 1.099753304 0)
(0.6687849232 0.65173959 0)
(0.6778774219 0.4421925645 0)
(0.6511678789 0.3264648208 0)
(0.6260762672 0.2539462152 0)
(0.6081382097 0.2038800719 0)
(0.5963027093 0.1669051766 0)
(0.5887757791 0.1383509847 0)
(0.5841379334 0.1156435753 0)
(0.5814087797 0.09722989553 0)
(0.5799335535 0.08209776286 0)
(0.5792765046 0.06954523213 0)
(0.5791462332 0.05906147768 0)
(0.5793468845 0.05026091637 0)
(0.5797465633 0.04284439764 0)
(0.5802566828 0.03657499418 0)
(0.580818244 0.0312621153 0)
(0.5813925714 0.02675061311 0)
(0.5819549725 0.02291302726 0)
(0.5824903535 0.01964388818 0)
(0.5829901667 0.01685542261 0)
(0.5834502783 0.01447424688 0)
(0.5838694765 0.01243877622 0)
(0.5842484325 0.01069716617 0)
(0.5845889782 0.00920565781 0)
(0.5848936106 0.007927234794 0)
(0.5851651548 0.006830524841 0)
(0.5854065397 0.005888895158 0)
(0.5856206529 0.005079703431 0)
(0.58581025 0.004383674659 0)
(0.5859779025 0.003784380582 0)
(0.5861259716 0.003267803255 0)
(0.5862565986 0.002821968056 0)
(0.586371707 0.002436634193 0)
(0.5864730116 0.002103033081 0)
(0.5865620312 0.00181364663 0)
(0.5866401039 0.001562018951 0)
(0.5867084022 0.001342596064 0)
(0.5867679489 0.001150589106 0)
(0.5868196312 0.0009818572909 0)
(0.5868642146 0.000832807438 0)
(0.5869023549 0.0007003074042 0)
(0.586934609 0.0005816111416 0)
(0.5869614443 0.0004742934364 0)
(0.5869832473 0.0003761926526 0)
(0.5870003297 0.0002853600266 0)
(0.5870129346 0.0002000142324 0)
(0.5870212403 0.0001185000822 0)
(0.5870253641 3.925033438e-05 0)
(0.09346594705 0.7445016704 0)
(0.2800830335 0.7045230611 0)
(0.4220773352 0.5580214075 0)
(0.4928516127 0.4294217119 0)
(0.5242321514 0.3330076791 0)
(0.5379943861 0.262509193 0)
(0.5446863554 0.2103118783 0)
(0.5487868109 0.1707867635 0)
(0.5520333032 0.1401766484 0)
(0.5550272588 0.1160097651 0)
(0.5579303025 0.09663185223 0)
(0.5607498424 0.08090338794 0)
(0.5634507345 0.06801448284 0)
(0.5659958691 0.0573724094 0)
(0.5683585845 0.04853216226 0)
(0.5705244457 0.04115243185 0)
(0.5724894353 0.03496681446 0)
(0.5742573089 0.029764382 0)
(0.5758371139 0.02537616988 0)
(0.5772411738 0.02166552245 0)
(0.5784835661 0.01852102863 0)
(0.5795790296 0.01585124645 0)
(0.5805422147 0.01358069425 0)
(0.5813871937 0.01164675922 0)
(0.5821271627 0.009997283146 0)
(0.5827742803 0.008588656465 0)
(0.5833396004 0.007384299452 0)
(0.5838330699 0.006353441889 0)
(0.584263567 0.005470135391 0)
(0.5846389646 0.004712448843 0)
(0.5849662076 0.004061809181 0)
(0.5852513958 0.003502458434 0)
(0.5854998674 0.003021004405 0)
(0.5857162802 0.002606047261 0)
(0.5859046871 0.00224786796 0)
(0.5860686064 0.001938167374 0)
(0.5862110857 0.001669847089 0)
(0.5863347585 0.001436824649 0)
(0.5864418949 0.001233877326 0)
(0.5865344469 0.001056509596 0)
(0.5866140869 0.0009008403351 0)
(0.586682242 0.0007635064364 0)
(0.5867401229 0.0006415801025 0)
(0.5867887496 0.0005324975022 0)
(0.5868289719 0.0004339968406 0)
(0.5868614877 0.0003440641761 0)
(0.5868868575 0.0002608855522 0)
(0.586905516 0.0001828041944 0)
(0.5869177816 0.0001082816709 0)
(0.5869238628 3.586202507e-05 0)
(0.06709336982 0.5304225813 0)
(0.195427556 0.49866712 0)
(0.3019831241 0.4324775223 0)
(0.3778591172 0.3594319031 0)
(0.4286178536 0.2934784545 0)
(0.462481866 0.238536755 0)
(0.4858416369 0.1942153294 0)
(0.5027890694 0.1588194619 0)
(0.5157397814 0.1305476777 0)
(0.5260782052 0.10786223 0)
(0.5346002768 0.08954590027 0)
(0.541777061 0.0746609078 0)
(0.5479018666 0.06248936613 0)
(0.5531698057 0.0524800944 0)
(0.5577202478 0.04420693397 0)
(0.5616594329 0.03733759847 0)
(0.5650726163 0.03161075045 0)
(0.5680307179 0.02681914584 0)
(0.570594092 0.02279716723 0)
(0.5728147842 0.01941152232 0)
(0.5747379855 0.01655423728 0)
(0.5764030542 0.0141373281 0)
(0.5778442953 0.01208871108 0)
(0.5790915951 0.01034903741 0)
(0.5801709622 0.008869223424 0)
(0.581105 0.007608509045 0)
(0.5819133245 0.006532920644 0)
(0.5826129361 0.005614045932 0)
(0.583218549 0.004828051269 0)
(0.5837428846 0.004154888683 0)
(0.5841969294 0.003577652302 0)
(0.5845901628 0.003082053229 0)
(0.5849307567 0.002655988875 0)
(0.58522575 0.002289188077 0)
(0.5854812005 0.001972917345 0)
(0.5857023171 0.001699736688 0)
(0.5858935742 0.001463295827 0)
(0.5860588108 0.001258163473 0)
(0.5862013155 0.001079683755 0)
(0.5863238996 0.0009238550297 0)
(0.5864289603 0.00078722718 0)
(0.5865185343 0.0006668142089 0)
(0.586594343 0.0005600194966 0)
(0.5866578313 0.0004645715274 0)
(0.5867101999 0.0003784682501 0)
(0.5867524322 0.0002999285166 0)
(0.5867853164 0.0002273492713 0)
(0.5868094627 0.0001592673399 0)
(0.5868253174 9.432481031e-05 0)
(0.5868331726 3.12371013e-05 0)
(0.05112533203 0.3727976456 0)
(0.1494896216 0.3540274216 0)
(0.2364303795 0.3191221196 0)
(0.3075195224 0.2768337913 0)
(0.3630386207 0.2343727869 0)
(0.4056435527 0.1956838301 0)
(0.4383966313 0.1622511215 0)
(0.4638966087 0.1341871233 0)
(0.4840903274 0.1109874419 0)
(0.5003582223 0.09194737409 0)
(0.513661873 0.07635979319 0)
(0.5246744636 0.06359451511 0)
(0.5338763167 0.05312021399 0)
(0.5416192929 0.04450135932 0)
(0.54816859 0.03738601689 0)
(0.5537295343 0.03149167625 0)
(0.5584648318 0.02659203146 0)
(0.5625058646 0.02250568571 0)
(0.5659602825 0.01908690466 0)
(0.5689172672 0.01621821574 0)
(0.5714513072 0.01380455552 0)
(0.5736249947 0.01176866815 0)
(0.5754911604 0.01004749527 0)
(0.5770945435 0.008589342814 0)
(0.5784731249 0.007351653295 0)
(0.5796592099 0.006299248773 0)
(0.5806803162 0.005402939725 0)
(0.5815599108 0.004638418778 0)
(0.582318024 0.003985376788 0)
(0.582971766 0.003426793045 0)
(0.5835357603 0.00294836243 0)
(0.5840225112 0.002538030745 0)
(0.5844427139 0.002185615912 0)
(0.5848055181 0.001882497664 0)
(0.5851187519 0.001621362153 0)
(0.5853891111 0.001395990807 0)
(0.5856223215 0.001201084996 0)
(0.5858232757 0.001032119833 0)
(0.5859961503 0.0008852217522 0)
(0.5861445048 0.0007570655737 0)
(0.5862713658 0.0006447875741 0)
(0.5863792984 0.0005459117436 0)
(0.586470466 0.0004582869029 0)
(0.5865466812 0.000380032767 0)
(0.5866094479 0.0003094933593 0)
(0.5866599957 0.0002451964337 0)
(0.5866993093 0.0001858177655 0)
(0.5867281501 0.0001301493268 0)
(0.5867470746 7.707049089e-05 0)
(0.586756447 2.552149948e-05 0)
(0.04206640442 0.2485419969 0)
(0.1238601879 0.2380723059 0)
(0.1990582837 0.2188920968 0)
(0.264860007 0.194542659 0)
(0.3204179054 0.1685612568 0)
(0.3663196454 0.1434864639 0)
(0.4038460279 0.1207425395 0)
(0.4344374966 0.1009071104 0)
(0.4594201157 0.0840323377 0)
(0.4799080069 0.06989476358 0)
(0.4967964648 0.05815625884 0)
(0.5107909553 0.04845527449 0)
(0.5224443255 0.04045249035 0)
(0.5321908763 0.03384971358 0)
(0.5403740037 0.02839442994 0)
(0.5472674523 0.02387740584 0)
(0.5530912956 0.02012744749 0)
(0.5580238822 0.01700544391 0)
(0.5622107987 0.0143987005 0)
(0.565771652 0.01221596925 0)
(0.5688052554 0.01038327758 0)
(0.5713936406 0.008840515783 0)
(0.5736051948 0.007538687598 0)
(0.5754971391 0.006437714106 0)
(0.5771175035 0.005504687614 0)
(0.5785067152 0.004712485435 0)
(0.5796988845 0.004038668843 0)
(0.5807228521 0.003464606812 0)
(0.581603048 0.002974776534 0)
(0.5823601988 0.002556202957 0)
(0.583011913 0.002198007791 0)
(0.5835731675 0.001891044968 0)
(0.5840567126 0.001627604575 0)
(0.5844734117 0.001401171271 0)
(0.5848325247 0.001206226225 0)
(0.5851419475 0.001038083975 0)
(0.5854084129 0.0008927574563 0)
(0.5856376599 0.0007668458224 0)
(0.5858345765 0.0006574408125 0)
(0.5860033207 0.0005620482438 0)
(0.5861474219 0.0004785218895 0)
(0.5862698668 0.0004050075183 0)
(0.586373171 0.0003398952782 0)
(0.5864594399 0.0002817789343 0)
(0.5865304181 0.0002294207223 0)
(0.5865875314 0.0001817207822 0)
(0.5866319203 0.0001376902959 0)
(0.5866644664 9.642757545e-05 0)
(0.5866858136 5.709644788e-05 0)
(0.5866963832 1.89063555e-05 0)
(0.03716574404 0.1428991323 0)
(0.1099564215 0.137602556 0)
(0.1783908502 0.1278518141 0)
(0.2404117358 0.1151527967 0)
(0.2949636939 0.1011379771 0)
(0.3418852629 0.08714533171 0)
(0.3816241599 0.07406329932 0)
(0.4149496729 0.06236370823 0)
(0.4427405317 0.05221110275 0)
(0.4658567838 0.04357714089 0)
(0.4850758875 0.03633046604 0)
(0.501069439 0.03029701129 0)
(0.5144022354 0.02529586473 0)
(0.525541879 0.02115808008 0)
(0.5348721796 0.01773482607 0)
(0.542706891 0.01489946298 0)
(0.5493022159 0.0125464995 0)
(0.5548675353 0.01058918406 0)
(0.5595743163 0.008956696921 0)
(0.56356337 0.007591430212 0)
(0.5669507025 0.006446568736 0)
(0.569832208 0.005484037001 0)
(0.5722874249 0.00467280492 0)
(0.5743825435 0.003987512956 0)
(0.57617282 0.003407367602 0)
(0.5777045182 0.002915258834 0)
(0.5790164781 0.002497056522 0)
(0.5801413877 0.002141049507 0)
(0.5811068189 0.001837497705 0)
(0.5819360744 0.001578273472 0)
(0.582648883 0.001356573434 0)
(0.5832619736 0.001166685982 0)
(0.5837895489 0.001003802856 0)
(0.5842436803 0.0008638657566 0)
(0.5846346355 0.0007434408826 0)
(0.5849711527 0.0006396158454 0)
(0.5852606706 0.0005499145659 0)
(0.5855095202 0.0004722267032 0)
(0.5857230869 0.000404748867 0)
(0.5859059462 0.0003459354217 0)
(0.5860619782 0.0002944571241 0)
(0.5861944629 0.0002491661713 0)
(0.5863061612 0.0002090665051 0)
(0.5863993818 0.000173288423 0)
(0.586476037 0.0001410667129 0)
(0.5865376885 0.0001117216573 0)
(0.586585585 8.464235388e-05 0)
(0.5866206916 5.927188126e-05 0)
(0.586643713 3.509389788e-05 0)
(0.5866551099 1.162031134e-05 0)
(0.0350043026 0.04667240353 0)
(0.103797097 0.04505132245 0)
(0.1691252714 0.04205291018 0)
(0.2292415577 0.0381021383 0)
(0.2830746188 0.03367527658 0)
(0.3302200751 0.02918533191 0)
(0.3708038632 0.0249263857 0)
(0.4053012346 0.02107010944 0)
(0.4343713593 0.01769005693 0)
(0.4587338246 0.01479323017 0)
(0.4790896253 0.01234783753 0)
(0.4960781536 0.01030353354 0)
(0.5102590839 0.008604373513 0)
(0.5221094914 0.007196169865 0)
(0.5320291809 0.006030082804 0)
(0.5403496836 0.005063920799 0)
(0.5473442571 0.004262177207 0)
(0.5532374787 0.003595451675 0)
(0.5582137936 0.003039634805 0)
(0.5624248144 0.002575059645 0)
(0.5659953977 0.002185718135 0)
(0.5690286221 0.001858581058 0)
(0.5716098294 0.001583028699 0)
(0.5738098893 0.0013503845 0)
(0.5756878313 0.001153538104 0)
(0.5772929671 0.0009866429786 0)
(0.5786666054 0.0008448747841 0)
(0.5798434404 0.0007242384924 0)
(0.58085268 0.0006214143074 0)
(0.5817189664 0.0005336343062 0)
(0.5824631297 0.0004585833677 0)
(0.5831028067 0.0003943193051 0)
(0.5836529523 0.0003392082042 0)
(0.5841262624 0.0002918718404 0)
(0.5845335248 0.0002511447187 0)
(0.5848839124 0.0002160388128 0)
(0.5851852274 0.0001857144902 0)
(0.5854441056 0.0001594564259 0)
(0.5856661881 0.0001366535597 0)
(0.585856265 0.0001167823374 0)
(0.5860183962 9.939263463e-05 0)
(0.5861560126 8.409587035e-05 0)
(0.5862720007 7.055491584e-05 0)
(0.5863687735 5.847547262e-05 0)
(0.5864483291 4.759865147e-05 0)
(0.586512299 3.769452861e-05 0)
(0.5865619872 2.855649056e-05 0)
(0.5865984018 1.999620629e-05 0)
(0.5866222782 1.183908693e-05 0)
(0.5866340976 3.920109234e-06 0)
)
;

boundaryField
{
    oversetFaces
    {
        type            overset;
        coupledFringe   yes;
        setHoleCellValue yes;
        holeCellValue   (0 0 0);
        value           nonuniform 0();
    }
    inlet
    {
        type            fixedValue;
        value           uniform (1 0 0);
    }
    leftOut
    {
        type            zeroGradient;
    }
    inletWalls
    {
        type            fixedValue;
        value           uniform (0 0 0);
    }
    outlet
    {
        type            inletOutlet;
        inletValue      uniform (0 0 0);
        value           nonuniform List<vector> 
30
(
(0.5875888815 -1.958930699e-06 0)
(0.5875994178 -5.758534865e-06 0)
(0.5876198555 -9.208994005e-06 0)
(0.587648955 -1.209603137e-05 0)
(0.5876849308 -1.423217414e-05 0)
(0.5877255369 -1.54656765e-05 0)
(0.587768173 -1.56877641e-05 0)
(0.5878100089 -1.483788098e-05 0)
(0.5878481193 -1.290672292e-05 0)
(0.5878796238 -9.936950275e-06 0)
(0.5879018256 -6.021581437e-06 0)
(0.5879123434 -1.300169754e-06 0)
(0.5879092292 4.047042688e-06 0)
(0.5878910685 9.806724526e-06 0)
(0.587857058 1.574147635e-05 0)
(0.5878070567 2.159989547e-05 0)
(0.5877416102 2.712727377e-05 0)
(0.5876619443 3.207649911e-05 0)
(0.5875699303 3.621872353e-05 0)
(0.5874680221 3.935336729e-05 0)
(0.5873591675 4.131704542e-05 0)
(0.5872466973 4.199103499e-05 0)
(0.5871341967 4.130694771e-05 0)
(0.5870253641 3.925033438e-05 0)
(0.5869238628 3.586202507e-05 0)
(0.5868331726 3.12371013e-05 0)
(0.586756447 2.552149948e-05 0)
(0.5866963832 1.89063555e-05 0)
(0.5866551099 1.162031134e-05 0)
(0.5866340976 3.920109234e-06 0)
)
;
    }
    outletWalls
    {
        type            fixedValue;
        value           uniform (0 0 0);
    }
    frontAndBack
    {
        type            empty;
    }
}


// ************************************************************************* //
