/*--------------------------------*- C++ -*----------------------------------*\
| =========                 |                                                 |
| \\      /  F ield         | OpenFOAM Extend Project: Open source CFD        |
|  \\    /   O peration     | Version:  1.6-ext                               |
|   \\  /    A nd           | Web:      www.extend-project.de                 |
|    \\/     M anipulation  |                                                 |
\*---------------------------------------------------------------------------*/
FoamFile
{
    version     2.0;
    format      ascii;
    class       surfaceScalarField;
    location    "0";
    object      phi;
}
// * * * * * * * * * * * * * * * * * * * * * * * * * * * * * * * * * * * * * //

dimensions      [0 3 -1 0 0 0 0];

internalField   nonuniform List<scalar> 
5170
(
0.002010671623
-8.671622736e-06
0.002019716956
-9.045332846e-06
0.002029522034
-9.805078072e-06
0.002040497654
-1.097562015e-05
0.002053092029
-1.259437555e-05
0.002067803754
-1.471172418e-05
0.002085195161
-1.739140727e-05
0.002105906203
-2.07110417e-05
0.002130669042
-2.476283999e-05
0.002160323767
-2.965472437e-05
0.002195835949
-3.551218251e-05
0.002238317356
-4.248140691e-05
0.002289051773
-5.073441715e-05
0.002349528608
-6.04768347e-05
0.002421487041
-7.195843335e-05
0.002506973314
-8.548627294e-05
0.002608279114
-0.0001013057998
0.002726506243
-0.0001182271292
0.002868342569
-0.0001418363253
0.00301214711
-0.0001438045416
0.003192413863
-0.0001802667523
0.003333672665
-0.0001412588025
0.003455181385
-0.0001215087202
0.003581128046
-0.0001259466605
0.003584711662
-3.58361621e-06
0.003581149098
3.562563525e-06
0.003455226877
0.0001259222219
0.003333746497
0.0001214803798
0.003192527724
0.0001412187727
0.003012310192
0.0001802175317
0.002868568971
0.0001437412217
0.002726810719
0.000141758252
0.002608678244
0.0001181324744
0.00250749018
0.0001011880642
0.002422149904
8.534027626e-05
0.002350372986
7.177691779e-05
0.002290122216
6.025076992e-05
0.002239669669
5.045254688e-05
0.002197539935
4.212973443e-05
0.002162466605
3.507332966e-05
0.002133359464
2.910714102e-05
0.002109279632
2.40798325e-05
0.002089420045
1.985958649e-05
0.002073089336
1.633070887e-05
0.00205969787
1.339146665e-05
0.002048745258
1.095261203e-05
0.002039809017
8.936240622e-06
0.002032534231
7.2747858e-06
0.002026624174
5.910057358e-06
0.002021831884
4.792290415e-06
0.002017952674
3.879209786e-06
0.002014817545
3.135129185e-06
0.002012287446
2.530098818e-06
0.002010248333
2.039112472e-06
0.002008606941
1.641392215e-06
0.002007287194
1.319747412e-06
0.002006227184
1.060009254e-06
0.002005376644
8.505405162e-07
0.002004694831
6.818125189e-07
0.002004148788
5.460431266e-07
0.002003711895
4.368928649e-07
0.002003362688
3.492075161e-07
0.002003083884
2.788038697e-07
0.002002861592
2.222921358e-07
0.002002684664
1.76927816e-07
0.002002544174
1.404903207e-07
0.002002432993
1.11180673e-07
0.00200234545
8.754251545e-08
0.002002277058
6.83926102e-08
0.002002224293
5.276452351e-08
0.002002184427
3.986638525e-08
0.002002155389
2.903829882e-08
0.002002135666
1.972219275e-08
0.002002124231
1.143566273e-08
3.746585771e-09
0.002010201891
-1.687351396e-05
0.002018764074
-1.760751593e-05
0.002028059507
-1.910051071e-05
0.002038486679
-2.140279206e-05
0.002050482863
-2.459055981e-05
0.002064537927
-2.876678757e-05
0.002081208857
-3.406233824e-05
0.002101135163
-4.063734691e-05
0.002125055326
-4.868300346e-05
0.002153824681
-5.842407893e-05
0.00218843539
-7.012289195e-05
0.002230039948
-8.408596496e-05
0.00227998093
-0.0001006753991
0.002339832089
-0.0001203279934
0.002411460612
-0.0001435869569
0.002497133185
-0.0001711588457
0.002599346831
-0.0002035194459
0.002720760592
-0.0002396408902
0.002868497565
-0.0002895732978
0.003016596507
-0.0002919034843
0.003203475506
-0.0003671457512
0.003350703081
-0.0002884863775
0.003482739463
-0.0002535451016
0.003613962776
-0.0002571699742
0.003621704661
-1.132550062e-05
0.003613980943
1.128628151e-05
0.003482779296
0.0002571238683
0.003350768077
0.0002534915989
0.003203577935
0.0002884089147
0.003016744797
0.0003670506704
0.002868705899
0.0002917801188
0.002721042662
0.0002894214889
0.002599717673
0.0002394574636
0.002497614502
0.0002032912351
0.002412078871
0.0001708759073
0.002340620541
0.0001432352486
0.002280981309
0.0001198900012
0.002231304575
0.0001001292808
0.002190029757
8.340455295e-05
0.00215583064
6.927244657e-05
0.002127575036
5.736274485e-05
0.002104295957
4.735891135e-05
0.002085169249
3.898629455e-05
0.002069494996
3.200496209e-05
0.002056681336
2.620512685e-05
0.002046230043
2.140390516e-05
0.002037723597
1.744268643e-05
0.002030813621
1.418476175e-05
0.002025210613
1.151306483e-05
0.002020674913
9.327990363e-06
0.002017008817
7.545306489e-06
0.002014049759
6.094187441e-06
0.002011664466
4.915391661e-06
0.002009743975
3.959603219e-06
0.002008199419
3.185948469e-06
0.002006958483
2.560682607e-06
0.002005962447
2.05604572e-06
0.002005163711
1.649276122e-06
0.002004523763
1.321761277e-06
0.002004011486
1.058320086e-06
0.00200360178
8.46598294e-07
0.002003274427
6.76560949e-07
0.00200301316
5.400707209e-07
0.002002804915
4.305373309e-07
0.002002639215
3.426280712e-07
0.002002507676
2.720292952e-07
0.002002403605
2.152514311e-07
0.00200232168
1.694677283e-07
0.00200225769
1.32382423e-07
0.002002208331
1.021237269e-07
0.002002171043
7.715364436e-08
0.002002143888
5.619370148e-08
0.002002125447
3.816298352e-08
0.002002114756
2.212701014e-08
7.249308124e-09
0.002009275532
-2.414904559e-05
0.002016883435
-2.52154197e-05
0.002025169239
-2.738631458e-05
0.002034505156
-3.07387084e-05
0.002045304353
-3.538975766e-05
0.002058036352
-4.14987863e-05
0.002073243911
-4.926989667e-05
0.002091561769
-5.895520532e-05
0.002113737577
-7.085881157e-05
0.002140655368
-8.534187027e-05
0.002173362205
-0.0001028297287
0.00221309955
-0.0001238233101
0.002261343173
-0.0001489190214
0.002319860143
-0.0001788449639
0.00239080281
-0.0002145296232
0.002476889122
-0.0002572451586
0.00258083309
-0.0003074634135
0.002709104963
-0.0003679127627
0.002868391346
-0.0004488596812
0.003025770088
-0.0004492822258
0.003225463783
-0.0005668394464
0.003387429336
-0.0004504519305
0.003539055522
-0.0004051712877
0.003679551356
-0.0003976658083
0.003695171109
-2.694525316e-05
0.003679563832
2.689355825e-05
0.003539084217
0.0003976034835
0.003387476956
0.0004050988598
0.003225543845
0.0004503420256
0.003025889528
0.000566704987
0.002868564588
0.0004491050589
0.002709343619
0.0004486424585
0.002581149153
0.000367651929
0.002477301563
0.0003071388247
0.002391334654
0.000256842817
0.002320540222
0.00021402968
0.002262207748
0.0001782224751
0.002214194165
0.0001481428642
0.00217474396
0.0001228547583
0.002142395742
0.0001016206642
0.00211592592
8.383256688e-05
0.002094309628
6.897520378e-05
0.002076690385
5.660553685e-05
0.002062354725
4.634062231e-05
0.002050710267
3.784958474e-05
0.002041266693
3.084747912e-05
0.002033619327
2.509005266e-05
0.00202743507
2.036901828e-05
0.002022440436
1.650769917e-05
0.002018411416
1.335701029e-05
0.002015164946
1.079177691e-05
0.002012551738
8.707394828e-06
0.002010450295
7.016834724e-06
0.002008761915
5.647983543e-06
0.002007406554
4.541309581e-06
0.0020063194
3.647836591e-06
0.002005448049
2.927396584e-06
0.002004750187
2.347138349e-06
0.002004191687
1.880261377e-06
0.002003745058
1.504948824e-06
0.002003388178
1.20347792e-06
0.002003103265
9.614743866e-07
0.00200287604
7.672956665e-07
0.002002695053
6.115240298e-07
0.002002551135
4.865463067e-07
0.002002436955
3.862090514e-07
0.002002346669
3.05537243e-07
0.002002275633
2.405038134e-07
0.002002220175
1.878404e-07
0.002002177417
1.448825445e-07
0.002002145128
1.094416881e-07
0.002002121622
7.970004603e-08
0.002002105663
5.412205978e-08
0.002002096412
3.137825168e-08
1.027970996e-08
0.002007920919
-3.006996461e-05
0.002014129969
-3.142446993e-05
0.002020928665
-3.418500999e-05
0.002028645874
-3.845591795e-05
0.002037653019
-4.439690294e-05
0.002048381219
-5.222698547e-05
0.002061341258
-6.222993583e-05
0.002077147566
-7.476151301e-05
0.002096547778
-9.0259024e-05
0.002120459893
-0.0001092539856
0.002150018895
-0.0001323887308
0.002186633057
-0.000160437472
0.002232046891
-0.000194332855
0.002288408297
-0.0002352063698
0.002358357787
-0.0002844791135
0.002445215366
-0.000344102738
0.002551459082
-0.0004137071295
0.002690903323
-0.0005073570036
0.002866880204
-0.000624836562
0.003040238854
-0.0006226408759
0.003259408261
-0.0007860088534
0.003449237481
-0.0006402811504
0.003626849605
-0.0005827834117
0.003777165252
-0.0005479814557
0.003803075169
-5.285517002e-05
0.003777169383
5.279934452e-05
0.00362686201
0.0005479108568
0.003449259733
0.0005827011363
0.003259455967
0.0006401457919
0.003040316789
0.0007858441646
0.002867003326
0.0006224185223
0.002691080233
0.0006245655516
0.00255169734
0.0005070348215
0.002445529887
0.0004133062778
0.002358766807
0.0003436058973
0.002288934309
0.0002838621775
0.002232718325
0.00023443846
0.002187485758
0.0001933754306
0.002151097957
0.0001592425592
0.00212182193
0.0001308966911
0.002098263757
0.0001073907403
0.002079306337
8.793262396e-05
0.002064053958
7.185791545e-05
0.002051786755
5.860782565e-05
0.002041924899
4.771144074e-05
0.00203400071
3.877166784e-05
0.002027636753
3.145401006e-05
0.002022528432
2.547733878e-05
0.002018430033
2.060609802e-05
0.002015143452
1.664359125e-05
0.00201250908
1.342614972e-05
0.002010398409
1.081806512e-05
0.002008708051
8.707193515e-06
0.002007354872
7.001162527e-06
0.002006272069
5.624112493e-06
0.002005405989
4.513916297e-06
0.002004713562
3.619823621e-06
0.002004160228
2.900471873e-06
0.002003718271
2.322218451e-06
0.002003365469
1.857750916e-06
0.002003084016
1.484931002e-06
0.002002859651
1.185839716e-06
0.002002680958
9.459884161e-07
0.002002538809
7.536735957e-07
0.002002425908
5.994469317e-07
0.002002336438
4.756787051e-07
0.002002265768
3.762075684e-07
0.002002210221
2.960504057e-07
0.002002166897
2.311647283e-07
0.002002133522
1.782570523e-07
0.00200210834
1.34624399e-07
0.002002090018
9.802170209e-08
0.002002077586
6.655390384e-08
0.002002070383
3.858147015e-08
1.263858328e-08
0.002006185519
-3.425548341e-05
0.002010596827
-3.583577783e-05
0.002015472517
-3.906070015e-05
0.002021077519
-4.406092057e-05
0.002027718125
-5.103750812e-05
0.002035759295
-6.026815563e-05
0.002045645054
-7.211569499e-05
0.002057922571
-8.703902958e-05
0.002073270192
-0.0001056066459
0.002092529544
-0.0001285133372
0.002116743714
-0.0001566029012
0.002147212197
-0.0001909059544
0.002185595672
-0.0002327163301
0.002234141991
-0.0002837526887
0.00229613464
-0.0003464717626
0.002376611226
-0.0004245793238
0.002479816194
-0.0005169120975
0.002636534112
-0.0006640749213
0.002846053011
-0.0008343554612
0.003069203707
-0.0008457915725
0.003350270056
-0.001067075202
0
-0
0
-0
0
-0
0
-0
0
0
0
0
0
0
0.003350258788
0
0.003069219406
0.001066883547
0.002846108622
0.000845529306
0.002636632281
0.0008340418927
0.002479957493
0.000663709609
0.002376804496
0.0005164592749
0.002296392032
0.0004240183618
0.002234477886
0.0003457763233
0.002186028664
0.0002828876819
0.002147766036
0.0002316380588
0.002117448533
0.000189560062
0.002093423419
0.0001549218048
0.002074401125
0.0001264130342
0.002059350987
0.0001029827628
0.002047446959
8.37619426e-05
0.002038030268
6.802451751e-05
0.002030578356
5.516335204e-05
0.002024678192
4.46718321e-05
0.002020003878
3.612832358e-05
0.002016298422
2.918279519e-05
0.002013359164
2.354535612e-05
0.002011026246
1.897650962e-05
0.002009173509
1.527888581e-05
0.002007701337
1.229023794e-05
0.002006531007
9.877523096e-06
0.002005600267
7.931902941e-06
0.002004859839
6.364539715e-06
0.002004270684
5.10307153e-06
0.002003801841
4.088666902e-06
0.002003428737
3.273575965e-06
0.002003131851
2.619104202e-06
0.002002895666
2.093936224e-06
0.002002707838
1.672758592e-06
0.002002558546
1.335131823e-06
0.002002439971
1.064563303e-06
0.002002345891
8.477533335e-07
0.002002271358
6.739807852e-07
0.002002212435
5.346016051e-07
0.002002166001
4.226416786e-07
0.002002129585
3.324657282e-07
0.002002101243
2.595069474e-07
0.002002079453
2.000472581e-07
0.002002063041
1.510366622e-07
0.002002051118
1.09944604e-07
0.002002043037
7.463473738e-08
0.002002038358
4.326002241e-08
1.417039171e-08
0.002004139973
-3.639545624e-05
0.002006424596
-3.812040145e-05
0.002009009649
-4.164575271e-05
0.002012073985
-4.712525612e-05
0.002015833204
-5.479672714e-05
0.002020556163
-6.499111532e-05
0.002026585987
-7.814551853e-05
0.002034368408
-9.482145072e-05
0.002044492563
-0.0001157308006
0.002057752947
-0.0001417737216
0.002075245089
-0.0001740950432
0.002098507208
-0.0002141680733
0.002129705789
-0.0002639149113
0.00217181904
-0.0003258659392
0.002228688261
-0.0004033409839
0.002304711307
-0.0005006023698
0.002399269489
-0.00061147028
0.00255619574
-0.000821001172
0.00275070508
-0.001028864801
0
-0
0
-0
0
-0
0
0
0
0
0
0
0
0
0
0
0
0
0
0
0
0
0.002750676993
0
0.00255620081
0.001028518076
0.002399299094
0.0008206113254
0.002304766278
0.0006109920909
0.002228773872
0.0005000107681
0.002171940143
0.0004026100518
0.002129869617
0.0003249582084
0.00209872364
0.0002627840356
0.002075527147
0.0002127565547
0.00205811751
0.0001723314416
0.002044961332
0.0001395692125
0.00203496918
0.0001129749146
0.00202735432
9.137680349e-05
0.002021537546
7.38412913e-05
0.002017085901
5.961499637e-05
0.002013672766
4.808496764e-05
0.002011050681
3.875040866e-05
0.002009031895
3.120158109e-05
0.002007473912
2.510333869e-05
0.002006268563
2.01818592e-05
0.002005333685
1.621376371e-05
0.002004606798
1.301712497e-05
0.002004040302
1.04440188e-05
0.002003597849
8.374355582e-06
0.002003251607
6.710782361e-06
0.002002980196
5.374482443e-06
0.002002767143
4.30172006e-06
0.002002599711
3.441008066e-06
0.002002468021
2.750793848e-06
0.002002364387
2.197569807e-06
0.002002282812
1.75433419e-06
0.002002218604
1.399339812e-06
0.002002168087
1.115080466e-06
0.002002128373
8.874667944e-07
0.002002097195
7.051592038e-07
0.002002072767
5.59029899e-07
0.002002053685
4.417231413e-07
0.00200203885
3.473010697e-07
0.0020020274
2.709569584e-07
0.002002018666
2.087806581e-07
0.002002012136
1.57567229e-07
0.002002007421
1.146590844e-07
0.002002004242
7.781434359e-08
0.002002002407
4.509444798e-08
1.476957588e-08
0.002001880509
-3.627596566e-05
0.002001806438
-3.80463303e-05
0.002001831465
-4.167077948e-05
0.002002026788
-4.732057895e-05
0.002002492507
-5.526244579e-05
0.002003372468
-6.587107659e-05
0.002004874132
-7.964718249e-05
0.00200729503
-9.724234859e-05
0.002011056916
-0.0001194926868
0.002016747608
-0.0001474644137
0.002025168825
-0.0001825162602
0.002037385111
-0.0002263843593
0.002054759366
-0.0002812891661
0.002078935996
-0.0003500425692
0.002111694298
-0.0004360992858
0.002154578305
-0.000543486377
0.002203244877
-0.0006601368518
0.00232674846
-0.0009445047553
0
-0
0
-0
0
-0
0
0
0
0
0
0
0
0
0
0
0
0
0
0
0
0
0
0
0
0
0.002326657357
0
0.002203158595
0.0009441100877
0.002154488935
0.0006596617509
0.002111600591
0.0005428991119
0.002078832591
0.0004353780512
0.002054641321
0.000349149479
0.002037247517
0.0002801778395
0.002025006513
0.0002249975588
0.002016554915
0.0001807830395
0.002010827511
0.0001452966164
0.002007021807
0.0001167806186
0.002004549192
9.384941882e-05
0.002002987227
7.540325585e-05
0.002002038008
6.05642155e-05
0.002001494322
4.86286536e-05
0.002001213671
3.903106024e-05
0.002001099133
3.131611872e-05
0.002001085619
2.511685267e-05
0.002001130103
2.013737483e-05
0.002001204724
1.613914295e-05
0.002001291924
1.292992483e-05
0.002001381052
1.035489087e-05
0.002001466004
8.289403518e-06
0.002001543607
6.633179104e-06
0.002001612527
5.305563246e-06
0.002001672536
4.241710893e-06
0.002001724041
3.389502889e-06
0.002001767775
2.707059611e-06
0.002001804609
2.160736403e-06
0.002001835434
1.723509065e-06
0.0020018611
1.373673312e-06
0.002001882382
1.093798905e-06
0.002001899962
8.698866745e-07
0.002001914431
6.906897389e-07
0.002001926293
5.471681471e-07
0.002001935969
4.320468986e-07
0.00200194381
3.394604443e-07
0.002001950102
2.646654428e-07
0.002001955075
2.038067492e-07
0.002001958916
1.537270946e-07
0.002001961764
1.118104936e-07
0.002001963727
7.585157334e-08
0.002001964876
4.394521542e-08
1.439133353e-08
0.001999529631
-3.380559624e-05
0.001996988768
-3.550546725e-05
0.001994309815
-3.899182712e-05
0.001991431472
-4.444223582e-05
0.00198830305
-5.213402359e-05
0.00198489007
-6.245809654e-05
0.001981181625
-7.593873806e-05
0.001977200596
-9.326131926e-05
0.00197301865
-0.0001153107408
0.001968777236
-0.0001432229993
0.001964708748
-0.0001784477727
0.001961133558
-0.0002228091696
0.001958383245
-0.0002785388523
0.00195659806
-0.0003482573844
0.001955416542
-0.0004349177682
0.00195371763
-0.000541787465
0.001946625258
-0.0006530444802
0.002032582333
-0.00103046183
0
-0
0
0
0
0
0
0
0
0
0
0
0
0
0
0
0
0
0
0
0
0
0
0
0
0
0.002032402279
0
0.001946428655
0.001030083711
0.00195348775
0.0006526026567
0.001955147154
0.0005412397072
0.001956274092
0.0004342511141
0.001957987889
0.0003474356818
0.001960647289
0.0002775184394
0.00196410828
0.0002215365676
0.001968034373
0.0001768569465
0.001972098967
0.0001412320228
0.001976061901
0.0001128176842
0.001979772169
9.013915042e-05
0.001983146448
7.202897768e-05
0.001986147759
5.756290448e-05
0.001988770101
4.600631088e-05
0.001991027871
3.677329016e-05
0.00199294818
2.939580989e-05
0.001994565062
2.349997112e-05
0.00199591519
1.878724696e-05
0.001997034907
1.501942519e-05
0.001997958357
1.200647554e-05
0.001998716452
9.596795522e-06
0.001999336455
7.669400358e-06
0.001999841941
6.127693467e-06
0.002000252996
4.894508282e-06
0.002000586541
3.908166167e-06
0.002000856701
3.119342751e-06
0.002001075185
2.48857548e-06
0.002001251642
1.984279211e-06
0.002001393986
1.581164908e-06
0.002001508682
1.258977793e-06
0.002001600991
1.001489798e-06
0.002001675184
7.956937807e-07
0.002001734715
6.311584951e-07
0.002001782371
4.99512155e-07
0.002001820391
3.940267082e-07
0.002001850567
3.092841945e-07
0.002001874325
2.409078486e-07
0.002001892788
1.853440614e-07
0.002001906829
1.396852348e-07
0.002001917116
1.015243026e-07
0.002001924134
6.883370986e-08
0.002001928216
3.986323089e-08
1.305182899e-08
0.001997238931
-2.904452754e-05
0.001992281231
-3.05477671e-05
0.00198692678
-3.363737644e-05
0.001980969426
-3.848488096e-05
0.001974196285
-4.536088343e-05
0.001966389433
-5.465124402e-05
0.001957328946
-6.687825126e-05
0.001946792513
-8.272488644e-05
0.001934539911
-0.0001030581382
0.001920262517
-0.0001289456061
0.001903476101
-0.0001616613559
0.001883353287
-0.0002026863558
0.001858541117
-0.0002537266827
0.001827071344
-0.0003167876112
0.001786476134
-0.0003943225581
0.001734070655
-0.0004893819857
0.001669804538
-0.0005887783639
0
-0
0
-0
0
0
0
0
0
0
0
0
0
0
0
0
0
0
0
0
0
0
0
0
0
0
0
0
0
0
0.001669553885
0
0.001733741659
0.000588414882
0.001786064115
0.0004889172518
0.001826555994
0.0003937592352
0.001857897283
0.0003160943921
0.001882549679
0.0002528660434
0.001902473744
0.0002016125035
0.001919012894
0.0001603177957
0.001932982698
0.0001272622189
0.001944852782
0.0001009476008
0.001954913703
8.007822925e-05
0.001963383374
6.355930662e-05
0.001970456597
5.048968103e-05
0.001976319458
4.014345038e-05
0.00198114838
3.194436767e-05
0.001985105518
2.543867235e-05
0.001988335284
2.027020512e-05
0.001990963066
1.6159465e-05
0.001993095693
1.288679768e-05
0.001994822948
1.027922035e-05
0.001996219544
8.200200293e-06
0.0019973472
6.541743683e-06
0.001998256629
5.21826481e-06
0.001998989317
4.161820273e-06
0.001999579091
3.318391769e-06
0.002000053457
2.644976842e-06
0.002000434728
2.107304845e-06
0.002000740969
1.67803823e-06
0.002000986782
1.335352163e-06
0.002001183949
1.06181034e-06
0.002001341966
8.434733583e-07
0.00200146847
6.691898003e-07
0.002001569596
5.300317466e-07
0.002001650264
4.188444923e-07
0.002001714405
3.298859459e-07
0.002001765151
2.585379326e-07
0.002001804985
2.010740536e-07
0.002001835857
1.544720962e-07
0.00200185928
1.162619959e-07
0.002001876403
8.440092615e-08
0.002001888067
5.716982656e-08
0.002001894844
3.308633497e-08
1.082923093e-08
0.001995182203
-2.22267307e-05
0.001988037124
-2.340268762e-05
0.001980221382
-2.582163498e-05
0.001971358289
-2.962178758e-05
0.001961018351
-3.502094512e-05
0.001948696424
-4.232931727e-05
0.001933785041
-5.196686828e-05
0.001915545103
-6.448494914e-05
0.001893078049
-8.059108403e-05
0.001865306317
-0.0001011738737
0.001830966796
-0.0001273218349
0.001788606646
-0.0001603262055
0.001736534471
-0.0002016545083
0.001672625366
-0.0002528785063
0.001593835841
-0.0003155330327
0.001495324184
-0.0003908703289
0.001382236557
-0.0004756907366
0
-0
0
0
0
0
0
0
0
0
0
0
0
0
0
0
0
0
0
0
0
0
0
0
0
0
0
0
0
0
0.001381911884
0
0.001494895036
0.0004754317299
0.001593295578
0.0003905167095
0.001671945669
0.000315109144
0.00173568039
0.0002523596715
0.001787535042
0.0002010113908
0.001829624237
0.0001595233088
0.001863626373
0.0001263156596
0.001890977947
9.99106449e-05
0.00191292161
7.90039374e-05
0.001930509401
6.249043872e-05
0.0019446081
4.946060801e-05
0.001955917267
3.918051353e-05
0.001964995209
3.106550816e-05
0.001972285957
2.465362019e-05
0.001978143048
1.958158133e-05
0.00198284878
1.556447289e-05
0.00198662922
1.237902555e-05
0.0019896658
9.850217516e-06
0.001992104337
7.840683123e-06
0.00199406211
6.242426794e-06
0.001995633475
4.970378605e-06
0.001996894345
3.957394885e-06
0.001997905786
3.150379253e-06
0.001998716909
2.507269599e-06
0.001999367193
1.994692001e-06
0.00199988837
1.586128276e-06
0.002000305927
1.260481541e-06
0.002000640329
1.00094971e-06
0.002000908001
7.941380929e-07
0.002001122116
6.293589657e-07
0.002001293228
4.980773785e-07
0.002001429789
3.934712048e-07
0.002001538552
3.100814374e-07
0.002001624905
2.435331688e-07
0.00200169313
1.903127909e-07
0.002001746615
1.475890611e-07
0.002001788018
1.130690191e-07
0.002001819398
8.488130566e-08
0.002001842319
6.148051213e-08
0.002001857921
4.156810688e-08
0.002001866981
2.402589814e-08
7.858475945e-09
0.001993560441
-1.378717185e-05
0.0019846877
-1.452994612e-05
0.00197492348
-1.605741501e-05
0.001963757392
-1.845569949e-05
0.001950596152
-2.185970548e-05
0.001934726876
-2.646004125e-05
0.001915272326
-3.251231848e-05
0.001891136502
-4.034912506e-05
0.001860941209
-5.039579098e-05
0.001822959977
-6.319264212e-05
0.00177506528
-7.942713789e-05
0.001714712733
-9.997365757e-05
0.001638976565
-0.0001259183405
0.001544607698
-0.0001585096399
0.001428019271
-0.0001989446052
0.001285076842
-0.0002479279004
0
-0
0
-0
0
0
0
0
0
0
0
0
0
0
0
0
0
0
0
0
0
0
0
0
0
0
0
0
0
0
0
0
0
0
0.001284625129
0
0.001427414784
0.0002477270541
0.001543822741
0.0001987011872
0.001637973812
0.0001582086004
0.001713443532
0.0001255416711
0.001773467349
9.949949189e-05
0.001820954402
7.882860601e-05
0.001858428602
6.243644508e-05
0.001887992108
4.944043102e-05
0.001911339846
3.914270131e-05
0.001929810687
3.098976685e-05
0.001944451537
2.453966371e-05
0.001956078256
1.943878862e-05
0.00196532691
1.540496605e-05
0.001972694512
1.221397999e-05
0.001978570626
9.68835854e-06
0.00198326164
7.688011567e-06
0.001987009327
6.102530839e-06
0.001990005052
4.844958274e-06
0.001992400676
3.84680202e-06
0.001994316971
3.054084222e-06
0.001995850141
2.424225011e-06
0.001997076925
1.923595294e-06
0.001998058594
1.525599886e-06
0.001998844109
1.20917755e-06
0.00199947261
9.576274305e-07
0.001999975401
7.576899459e-07
0.002000377525
5.98825847e-07
0.002000699013
4.726496892e-07
0.002000955889
3.724835746e-07
0.002001160962
2.93004662e-07
0.002001324466
2.299664531e-07
0.00200145457
1.799775921e-07
0.002001557778
1.403257274e-07
0.002001639253
1.088371731e-07
0.002001703078
8.376448216e-08
0.002001752451
6.369599657e-08
0.002001789849
4.748271684e-08
0.002001817151
3.417864004e-08
0.002001835728
2.299142697e-08
0.002001846513
1.324081732e-08
4.322722693e-09
0.001992534841
-4.322012953e-06
0.001982572942
-4.56804683e-06
0.001971588784
-5.073257563e-06
0.001958997583
-5.864498229e-06
0.001944121625
-6.983746984e-06
0.001926152736
-8.491152258e-06
0.001904111734
-1.047131704e-05
0.001876807904
-1.304529453e-05
0.001842802608
-1.639049538e-05
0.00180037708
-2.076711391e-05
0.00174749085
-2.654090796e-05
0.001681697419
-3.418022704e-05
0.001599978257
-4.419917807e-05
0.001498499947
-5.703133032e-05
0.001372406567
-7.285122464e-05
0.001215870875
-9.139220854e-05
0
-0
0
-0
0
0
0
0
0
0
0
0
0
0
0
0
0
0
0
0
0
0
0
0
0
0
0
0
0
0
0
0
0
0
0.001215379079
0
0.001371746354
9.135977968e-05
0.001497640558
7.280698259e-05
0.001598878407
5.697075178e-05
0.001680303334
4.4116744e-05
0.001745733653
3.406917261e-05
0.001798169402
2.639285723e-05
0.001840034249
2.057159794e-05
0.001873340332
1.613434798e-05
0.001899771129
1.271190507e-05
0.001920721195
1.003970033e-05
0.001937326078
7.934780762e-06
0.001950495791
6.269076165e-06
0.001960951658
4.949098997e-06
0.001969262187
3.903450467e-06
0.001975874636
3.075909449e-06
0.00198114104
2.421607646e-06
0.001985338912
1.904659174e-06
0.001988687429
1.496441481e-06
0.001991360019
1.17421124e-06
0.001993494152
9.199518554e-07
0.001995198959
7.194181267e-07
0.001996561198
5.613561605e-07
0.001997649922
4.368759216e-07
0.001998520147
3.389521614e-07
0.001999215745
2.620299351e-07
0.00199977172
2.017140913e-07
0.002000216021
1.545249017e-07
0.002000570965
1.177060715e-07
0.002000854375
8.907354097e-08
0.002001080484
6.689623517e-08
0.002001260648
4.980183507e-08
0.002001403924
3.670217454e-08
0.002001517515
2.673402885e-08
0.00200160714
1.921208394e-08
0.002001677313
1.359137627e-08
0.002001731572
9.437016055e-09
0.002001772655
6.400060121e-09
0.002001802636
4.197921389e-09
0.002001823029
2.59778181e-09
0.002001834867
1.403117869e-09
4.422501605e-10
0.001992194789
5.483197661e-06
0.0019818761
5.750642315e-06
0.001970503085
6.299757295e-06
0.001957478917
7.159670291e-06
0.001942119131
8.376038603e-06
0.001923613587
1.001439172e-05
0.001900975509
1.216676086e-05
0.001872966222
1.496399312e-05
0.001837979931
1.85957951e-05
0.001793876018
2.333679976e-05
0.001737767178
2.956793131e-05
0.001665816628
3.777032371e-05
0.001573153118
4.846433176e-05
0.00145403732
6.208446782e-05
0.001302357663
7.882843185e-05
0.00111239495
9.857050443e-05
0
0
0
0
0
0
0
0
0
0
0
0
0
0
0
0
0
0
0
0
0
0
0
0
0
0
0
0
0
0
0
0
0
-0
0.001111908772
-0
0.001301690632
-9.842208113e-05
0.001453160831
-7.866321554e-05
0.001572026631
-6.189504831e-05
0.001664385878
-4.824250351e-05
0.001735961732
-3.750668122e-05
0.001791605985
-2.925139568e-05
0.001835131635
-2.295405262e-05
0.001869396582
-1.813059893e-05
0.001896504857
-1.439636932e-05
0.001918016542
-1.147198451e-05
0.001935113066
-9.161744103e-06
0.001948709386
-7.327243799e-06
0.001959525408
-5.866922523e-06
0.001968132082
-4.703223261e-06
0.001974983286
-3.775295157e-06
0.001980439704
-3.034809698e-06
0.001984787651
-2.443288327e-06
0.001988254238
-1.9701451e-06
0.001991019573
-1.591123708e-06
0.001993226541
-1.287016439e-06
0.001994988578
-1.042618596e-06
0.00199639582
-8.458862405e-07
0.001997519962
-6.872662907e-07
0.001998418083
-5.591682263e-07
0.001999135662
-4.55549305e-07
0.001999708965
-3.715892604e-07
0.002000166926
-3.03435594e-07
0.002000532635
-2.480031772e-07
0.002000824525
-2.028165797e-07
0.002001057307
-1.658857753e-07
0.002001242716
-1.356073734e-07
0.002001390105
-1.106861742e-07
0.002001506912
-9.007300599e-08
0.002001599039
-7.291475319e-08
0.002001671144
-5.851400239e-08
0.002001726878
-4.629670571e-08
0.002001769064
-3.57858083e-08
0.002001799841
-2.657957691e-08
0.002001820772
-1.833348872e-08
0.00200183292
-1.074486402e-08
-3.539627169e-09
0.001992553176
1.493002193e-05
0.001982610956
1.569286207e-05
0.001971649389
1.726132474e-05
0.001959085678
1.972338057e-05
0.001944244693
2.321702352e-05
0.001926321537
2.793754798e-05
0.001904341032
3.414726562e-05
0.001877117189
4.218783666e-05
0.001843216821
5.249616271e-05
0.001800927226
6.562639484e-05
0.001748213463
8.228169394e-05
0.001682628754
0.0001033550327
0.001601132508
0.0001299605781
0.001499813905
0.0001634030708
0.001373642711
0.0002049996255
0.001216530499
0.0002556827166
0
0
0
0
0
0
0
0
0
0
0
0
0
0
0
0
0
0
0
0
0
0
0
0
0
0
0
0
0
0
0
0
0
-0
0.001216037307
-0
0.0013729857
-0.0002553704737
0.001498961592
-0.0002046391083
0.00160004302
-0.0001629764757
0.001681247896
-0.0001294473794
0.001746472139
-0.0001027309245
0.001798738043
-8.151729981e-05
0.001840469718
-6.468572766e-05
0.001873673889
-5.133476984e-05
0.001900028049
-4.07505294e-05
0.001920921365
-3.236530005e-05
0.001937484712
-2.572509107e-05
0.001950624165
-2.046669762e-05
0.001961057867
-1.630062412e-05
0.00196935188
-1.299723594e-05
0.001975951682
-1.037509762e-05
0.001981208079
-8.291206204e-06
0.001985397765
-6.632974626e-06
0.001988739392
-5.311772394e-06
0.001991406056
-4.257787703e-06
0.001993535013
-3.415973412e-06
0.001995235259
-2.742864226e-06
0.001996593458
-2.204084994e-06
0.001997678595
-1.772403357e-06
0.001998545635
-1.426208145e-06
0.001999238405
-1.148320049e-06
0.001999791877
-9.250607883e-07
0.002000233964
-7.455227234e-07
0.002000586956
-6.009949486e-07
0.002000868651
-4.845112701e-07
0.002001093257
-3.90492614e-07
0.002001272114
-3.144637814e-07
0.002001414256
-2.528287306e-07
0.002001526875
-2.026913272e-07
0.002001615672
-1.617120022e-07
0.002001685151
-1.279928023e-07
0.002001738839
-9.998472634e-08
0.002001779465
-7.64124455e-08
0.002001809098
-5.621255648e-08
0.002001829247
-3.848246171e-08
0.00200184094
-2.243717757e-08
-7.371855325e-09
0.001993594957
2.333506445e-05
0.001984758974
2.452884579e-05
0.001975036565
2.698373398e-05
0.00196392134
3.083860484e-05
0.001950825867
3.631249656e-05
0.001935045547
4.371786864e-05
0.001915714104
5.347870829e-05
0.001891748637
6.615330328e-05
0.001861784234
8.246056635e-05
0.001824103426
0.0001033072022
0.001776574095
0.0001298110247
0.001716615305
0.0001633138229
0.00164120192
0.000205373963
0.001546887004
0.0002577179873
0.001429783976
0.0003221026538
0.001285464897
0.0004000017949
0
0.0004893068291
0
0
0
0
0
0
0
0
0
0
0
0
0
0
0
0
0
0
0
0
0
0
0
0
0
0
0
0
0
0
0
-0
0.001285022706
-0.000488937
0.001429193756
-0.0003995415234
0.001546120426
-0.0003215657785
0.001640221538
-0.0002570775876
0.001715372662
-0.0002045985036
0.001775007288
-0.0001623655498
0.001822134017
-0.0001286440295
0.001859313371
-0.000101865081
0.001888652157
-8.067355609e-05
0.001911836367
-6.39347395e-05
0.001930191679
-5.072061229e-05
0.001944752006
-4.02854179e-05
0.001956322375
-3.203706619e-05
0.001965530728
-2.550897782e-05
0.001972868455
-2.033496266e-05
0.001978721452
-1.622809466e-05
0.001983393815
-1.296356862e-05
0.001987125921
-1.036508097e-05
0.001990108295
-8.2941463e-06
0.001992492284
-6.641776502e-06
0.001994398332
-5.322021547e-06
0.001995922428
-4.266960219e-06
0.001997141155
-3.422811932e-06
0.001998115665
-2.746913692e-06
0.001998894821
-2.205363846e-06
0.001999517681
-1.771180356e-06
0.002000015478
-1.422857921e-06
0.002000413189
-1.143233962e-06
0.00200073079
-9.185951321e-07
0.00200098425
-7.379714485e-07
0.002001186334
-5.925770444e-07
0.002001347237
-4.753661555e-07
0.002001475088
-3.806797501e-07
0.00200157636
-3.039635071e-07
0.00200165619
-2.415420408e-07
0.002001718635
-1.904375496e-07
0.002001766873
-1.48223432e-07
0.002001803366
-1.129052858e-07
0.002001829977
-8.282366084e-08
0.002001848068
-5.657304299e-08
0.002001858564
-3.293358062e-08
-1.081190755e-08
0.001995229248
3.010581647e-05
0.001988132664
3.162542951e-05
0.001980368911
3.474748745e-05
0.001971564836
3.964267988e-05
0.001961297557
4.657977524e-05
0.001949074158
5.59412679e-05
0.001934308352
6.824451431e-05
0.001916293767
8.416788845e-05
0.001894173787
0.0001045805461
0.001866907672
0.0001305733174
0.001833230795
0.0001634879009
0.001791601258
0.0002049433608
0.001740111571
0.0002568636492
0.001676316356
0.0003215132025
0.001596885875
0.000401533135
0.001496979011
0.0004999086587
0.001381663433
0.0006046224071
0
0
0
0
0
0
0
0
0
0
0
0
0
0
0
0
0
0
0
0
0
0
0
0
0
0
0
0
0
0
0.001381337682
-0
0.001496562297
-0.000604161615
0.001596366204
-0.0004993454304
0.001675663804
-0.0004008633779
0.001739290741
-0.0003207045254
0.00179056922
-0.0002558769827
0.001831934638
-0.0002037309673
0.001865281636
-0.0001619910279
0.001892135877
-0.0001287193212
0.001913741631
-0.0001022793106
0.001931114237
-8.130734587e-05
0.001945078665
-6.46850395e-05
0.001956301898
-5.150865098e-05
0.001965321228
-4.105639608e-05
0.001972568648
-3.275639782e-05
0.001978391307
-2.615762238e-05
0.001983068241
-2.090502866e-05
0.001986823842
-1.671916924e-05
0.001989838638
-1.337987678e-05
0.001992257906
-1.071341486e-05
0.001994198566
-8.582436706e-06
0.001995754706
-6.878161558e-06
0.001997002026
-5.514279873e-06
0.001998001412
-4.422198283e-06
0.00199880182
-3.547321615e-06
0.001999442595
-2.846138268e-06
0.001999955343
-2.283928791e-06
0.002000365445
-1.832959672e-06
0.002000693268
-1.471056793e-06
0.002000955148
-1.180475398e-06
0.002001164179
-9.470027901e-07
0.002001330848
-7.592451235e-07
0.00200146354
-6.080588716e-07
0.002001568957
-4.860963819e-07
0.002001652436
-3.87442872e-07
0.002001718219
-3.073249077e-07
0.002001769657
-2.418753465e-07
0.002001809377
-1.879438355e-07
0.002001839415
-1.429426639e-07
0.002001861311
-1.047198759e-07
0.002001876192
-7.145415298e-08
0.002001884824
-4.156600261e-08
-1.364070792e-08
0.001997297965
3.480785168e-05
0.001992398083
3.652531156e-05
0.001987097797
4.004777334e-05
0.001981185534
4.555494263e-05
0.001974437174
5.33281352e-05
0.001966613483
6.376495871e-05
0.00195745816
7.739983764e-05
0.001946694966
9.493108265e-05
0.001934020626
0.000117254886
0.001919088705
0.0001455052382
0.001901481114
0.0001810954917
0.001880671962
0.0002257525129
0.00185600298
0.000281532631
0.001826695467
0.0003508207156
0.001791880664
0.0004363479383
0.001750495167
0.0005412941553
0.00170350139
0.0006516161845
0
0.0009656776024
0
0
0
0
0
0
0
0
0
0
0
0
0
0
0
0
0
0
0
0
0
0
0
0
0
0
0
-0
0.001703256514
-0.0009652143817
0.001750182684
-0.0006510877856
0.001791493459
-0.0005406562052
0.001826213483
-0.0004355834019
0.001855401302
-0.0003498923438
0.001879919568
-0.0002803952493
0.001900539452
-0.0002243508509
0.001917909908
-0.0001793614841
0.001932545264
-0.0001433546768
0.001944849229
-0.0001145832765
0.00195515039
-9.160850616e-05
0.001963729912
-7.326456197e-05
0.001970836734
-5.861547291e-05
0.001976693538
-4.691319979e-05
0.001981498282
-3.756114184e-05
0.001985424582
-3.008392249e-05
0.001988622456
-2.410290246e-05
0.001991219791
-1.931650465e-05
0.001993324386
-1.548447165e-05
0.001995026279
-1.241530761e-05
0.001996400128
-9.956285936e-06
0.00199750748
-7.985513275e-06
0.001998398831
-6.405631629e-06
0.001999115456
-5.138822469e-06
0.001999690977
-4.122842751e-06
0.002000152715
-3.307876084e-06
0.002000522815
-2.654028743e-06
0.002000819191
-2.129336504e-06
0.002001056311
-1.708176727e-06
0.002001245837
-1.370000621e-06
0.002001397154
-1.098320048e-06
0.002001517806
-8.798975865e-07
0.002001613845
-7.040974049e-07
0.002001690113
-5.62364763e-07
0.002001750479
-4.47808429e-07
0.002001798018
-3.548638987e-07
0.002001835164
-2.790217612e-07
0.002001863828
-2.166077725e-07
0.002001885489
-1.646036534e-07
0.002001901269
-1.204998596e-07
0.002001911988
-8.21728534e-08
0.002001918203
-4.778148324e-08
-1.567711111e-08
0.001999609511
3.719834105e-05
0.001997150234
3.898458803e-05
0.00199455681
4.264119784e-05
0.001991771589
4.834016347e-05
0.001988750662
5.634906226e-05
0.001985472509
6.70431118e-05
0.001981950074
8.092227245e-05
0.001978246612
9.863454443e-05
0.001974494169
0.0001210073291
0.00197090955
0.0001490898568
0.001967794092
0.0001842109502
0.001965490464
0.0002280561409
0.001964261068
0.0002827620266
0.001964072943
0.0003510088411
0.001964351089
0.0004360697915
0.001963866613
0.0005417786315
0.001958273853
0.0006572089442
0.002022289836
0.0009016616201
0
0
0
0
0
0
0
0
0
0
0
0
0
0
0
0
0
0
0
0
0
0
0
0
0
0
0.002022104118
-0
0.00195808661
-0.0009011968736
0.001963658515
-0.0006566596906
0.001964113651
-0.0005411113404
0.001963791047
-0.000435260798
0.001963918047
-0.0003500193437
0.001965067206
-0.000281544409
0.001967268022
-0.0002265516665
0.001970253449
-0.0001823469117
0.001973674833
-0.0001467760604
0.001977223309
-0.0001181317524
0.001980672755
-9.505795263e-05
0.001983879729
-7.647153558e-05
0.001986767159
-6.150290288e-05
0.001989305506
-4.945154673e-05
0.001991496557
-3.975219269e-05
0.001993361042
-3.194840774e-05
0.001994929802
-2.56716622e-05
0.001996237824
-2.062452689e-05
0.001997320449
-1.656709678e-05
0.001998211127
-1.330598534e-05
0.001998940235
-1.068539364e-05
0.001999534588
-8.579866242e-06
0.002000017377
-6.888421177e-06
0.002000408356
-5.529801451e-06
0.002000724152
-4.438639028e-06
0.002000978635
-3.562358309e-06
0.002001183285
-2.858679101e-06
0.002001347552
-2.293603896e-06
0.002001479174
-1.839797969e-06
0.002001584457
-1.475283721e-06
0.002001668526
-1.182389009e-06
0.002001735529
-9.469008543e-07
0.002001788814
-7.573827415e-07
0.002001831074
-6.046248521e-07
0.002001864467
-4.812013823e-07
0.002001890715
-3.811114534e-07
0.002001911182
-2.994890707e-07
0.002001926942
-2.323680814e-07
0.002001938828
-1.764894259e-07
0.002001947471
-1.291427971e-07
0.002001953333
-8.803475234e-08
0.002001956728
-5.117690072e-08
-1.678889752e-08
0.002001981742
3.721659871e-05
0.002002012329
3.895400172e-05
0.002002149469
4.250405746e-05
0.002002469694
4.801993839e-05
0.002003080559
5.573819752e-05
0.00200413639
6.598728046e-05
0.002005858951
7.919971136e-05
0.002008564259
9.592923701e-05
0.002012696176
0.0001168754123
0.002018866031
0.0001429200016
0.002027895082
0.0001751818994
0.002040852227
0.0002150989958
0.002059070185
0.0002645440686
0.002084105736
0.0003259732896
0.002117588367
0.0004025871604
0.002160903206
0.0004984637926
0.002210134333
0.000607977817
0.002316697699
0.000795098255
0
0.001028642718
0
0
0
0
0
0
0
0
0
0
0
0
0
0
0
0
0
0
0
0
0
-0
0
-0
0.002316613447
-0.001028246564
0.002210066976
-0.0007946504025
0.002160843777
-0.0006074364916
0.002117534608
-0.0004978021714
0.002084052805
-0.0004017789956
0.002059013833
-0.0003249803718
0.002040788439
-0.0002633190151
0.002027819777
-0.0002135830043
0.002018774839
-0.0001733019731
0.002012584285
-0.0001405855068
0.002008426341
-0.0001139738085
0.002005689172
-9.232078347e-05
0.002003928555
-7.471091826e-05
0.002002828467
-6.04028147e-05
0.002002167814
-4.879089461e-05
0.002001794119
-3.937849728e-05
0.002001603614
-3.175790286e-05
0.002001526647
-2.559469474e-05
0.002001517175
-2.06150555e-05
0.00200154532
-1.659524116e-05
0.002001592131
-1.335279638e-05
0.002001645956
-1.073921841e-05
0.002001699936
-8.63384714e-06
0.002001750309
-6.938793689e-06
0.002001795257
-5.574749991e-06
0.002001834156
-4.477537394e-06
0.002001867071
-3.595273178e-06
0.002001894444
-2.886051937e-06
0.002001916891
-2.316051358e-06
0.002001935084
-1.857991374e-06
0.00200194968
-1.489879542e-06
0.002001961283
-1.19399151e-06
0.002001970428
-9.560456376e-07
0.002001977576
-7.645315128e-07
0.002001983119
-6.10167387e-07
0.00200198738
-4.854622334e-07
0.002001990625
-3.843569067e-07
0.00200199307
-3.019339385e-07
0.002001994886
-2.341838415e-07
0.002001996207
-1.77810733e-07
0.002001997137
-1.300723072e-07
0.002001997749
-8.864753761e-08
0.002001998097
-5.152445349e-08
-1.690147383e-08
0.002004258417
3.495818201e-05
0.002006665145
3.654727338e-05
0.002009379963
3.978923962e-05
0.002012586385
4.481351608e-05
0.002016505604
5.181897835e-05
0.002021413146
6.107973864e-05
0.00202765978
7.295307797e-05
0.002035699371
8.788964542e-05
0.002046128661
0.0001064461228
0.002059747603
0.0001293010589
0.002077652761
0.0001572767414
0.002101375402
0.0001913763553
0.002133059958
0.0002328595123
0.002175632656
0.0002834005916
0.002232829277
0.0003453905392
0.002308872512
0.0004224205576
0.002403311316
0.0005135390133
0.002548261666
0.0006501479046
0.002744513505
0.0008323908792
0
0.0008432126792
0
0.001065225897
0
0
0
0
0
0
0
0
0
-0
0
-0
0
-0
0
-0
0
-0.001065009084
0.002744491907
-0.0008429171965
0.002548281613
-0.0008320362704
0.002403365591
-0.0006497343809
0.002308962551
-0.0005130334515
0.002232960715
-0.000421800335
0.002175811233
-0.0003446295132
0.002133293828
-0.0002824629668
0.002101675506
-0.000231700694
0.002078033386
-0.0001899408844
0.002060227133
-0.0001554957194
0.002046730575
-0.0001270889489
0.002036453549
-0.0001036967832
0.002028604199
-8.447143301e-05
0.0020225961
-6.870281901e-05
0.0020179886
-5.579531484e-05
0.002014447946
-4.52502407e-05
0.002011720624
-3.665117534e-05
0.002009614037
-2.965131562e-05
0.002007981963
-2.396262074e-05
0.002006713433
-1.934652565e-05
0.0020057242
-1.56060087e-05
0.002004950224
-1.257882001e-05
0.002004342719
-1.013171372e-05
0.002003864421
-8.155548487e-06
0.002003486767
-6.561139856e-06
0.002003187789
-5.275772138e-06
0.002002950523
-4.240271782e-06
0.00200276182
-3.406569669e-06
0.002002611447
-2.735678759e-06
0.002002491415
-2.196019455e-06
0.002002395464
-1.762040912e-06
0.002002318676
-1.413090766e-06
0.002002257173
-1.132489257e-06
0.002002207897
-9.067694618e-07
0.002002168426
-7.250607779e-07
0.002002136846
-5.785871684e-07
0.002002111641
-4.602565797e-07
0.002002091611
-3.643271554e-07
0.002002075814
-2.8613759e-07
0.002002063514
-2.218836679e-07
0.00200205414
-1.684363839e-07
0.002002047259
-1.231915092e-07
0.002002042557
-8.394505568e-08
0.002002039818
-4.878621224e-08
-1.600244284e-08
0.002006316079
3.06421033e-05
0.002010861066
3.200228571e-05
0.002015876772
3.47735335e-05
0.002021631497
3.90587914e-05
0.002028435033
4.501544258e-05
0.002036655814
5.28589577e-05
0.002046740927
6.286796454e-05
0.002059239538
7.539103511e-05
0.002074829919
9.085574175e-05
0.002094350197
0.0001097807809
0.002118834942
0.0001327919966
0.002149568507
0.0001606427898
0.002188188194
0.0001942398256
0.002236906987
0.0002346817978
0.002298952338
0.0002833451892
0.002379263347
0.0003421095485
0.0024821598
0.00041064256
0.002631822323
0.0005004853815
0.00284211706
0.0006220961422
0.003065122931
0.0006202068084
0.003345988683
0.000784360144
0
0.0006389729551
0
0.0005818742411
0
0.0005470523867
0
5.280772684e-05
0
-5.27458455e-05
0
-0.0005469738932
0
-0.0005817822629
0.003345979392
-0.0006388216807
0.003065144464
-0.0007841741559
0.002842185254
-0.0006199579869
0.002631941441
-0.0006217924568
0.002482331608
-0.0005001245482
0.002379497483
-0.0004101993269
0.00229926184
-0.0003415646922
0.002237307263
-0.000282674936
0.002188698983
-0.0002338546869
0.002150214873
-0.0001932165832
0.002119648531
-0.0001593745426
0.002095370846
-0.0001312180343
0.002076107669
-0.0001078257721
0.00206083718
-8.842629405e-05
0.002048737207
-7.237145998e-05
0.002039149472
-5.911508397e-05
0.002031549913
-4.819575584e-05
0.002025523002
-3.922333006e-05
0.002020740039
-3.186821239e-05
0.002016941321
-2.585259745e-05
0.002013921771
-2.09430705e-05
0.002011519471
-1.694422563e-05
0.002009606557
-1.369309509e-05
0.002008082014
-1.105427708e-05
0.002006865983
-8.915682537e-06
0.002005895273
-7.184838612e-06
0.002005119835
-5.785701554e-06
0.002004499982
-4.655918769e-06
0.002004004208
-3.744497971e-06
0.002003607476
-3.00983761e-06
0.002003289866
-2.418068755e-06
0.002003035515
-1.941668664e-06
0.002002831782
-1.558307931e-06
0.002002668585
-1.249894068e-06
0.002002537881
-1.001785202e-06
0.002002433252
-8.021402951e-07
0.002002349578
-6.41386626e-07
0.002002282777
-5.117863058e-07
0.0020022296
-4.070797198e-07
0.002002187469
-3.221962995e-07
0.002002154347
-2.530153334e-07
0.002002128636
-1.961722001e-07
0.002002109097
-1.488980803e-07
0.002002094794
-1.088881483e-07
0.002002085041
-7.419161098e-08
0.002002079369
-4.311494137e-08
-1.414158731e-08
0.002008059194
2.458290915e-05
0.002014408847
2.565263281e-05
0.002021352736
2.782964488e-05
0.002029221833
3.118969371e-05
0.002038389339
3.584793677e-05
0.002049287546
4.196075134e-05
0.002062427395
4.972811507e-05
0.002078421856
5.939657379e-05
0.002098014684
7.126291409e-05
0.002122116556
8.567890912e-05
0.002151850463
0.0001030580895
0.00218860656
0.0001238866922
0.002234103404
0.0001487429821
0.002290452668
0.0001783325338
0.002360243113
0.0002135547445
0.002446713959
0.0002556387022
0.002552328019
0.0003050285
0.002687946097
0.0003648673035
0.002863802271
0.0004462399679
0.003036708148
0.0004473009313
0.003255605724
0.0005654625689
0.003445178869
0.00044939981
0.003622508709
0.0004045444009
0.003772530931
0.0003970301649
0.003798403358
2.69352994e-05
0.003772535212
-2.687769938e-05
0.003622522192
-0.0003969608737
0.003445203175
-0.0004044632457
0.003255658997
-0.0004492775022
0.003036796265
-0.0005653114245
0.002863942365
-0.0004471040865
0.002688148382
-0.0004459984736
0.002552601341
-0.0003645775076
0.002447074075
-0.0003046720609
0.002360709456
-0.0002552000727
0.002291048871
-0.0002130143512
0.002234859192
-0.0001776650077
0.00218955926
-0.0001479166515
0.00215304687
-0.0001228621525
0.002123615246
-0.0001017864104
0.002099888886
-8.409941224e-05
0.002080763027
-6.930043551e-05
0.002065349673
-5.695810526e-05
0.00205293329
-4.669870092e-05
0.002042936028
-3.819849369e-05
0.002034890639
-3.117794182e-05
0.002028419188
-2.53967609e-05
0.002023216073
-2.064948237e-05
0.002019034356
-1.676135381e-05
0.00201567467
-1.358453988e-05
0.002012976199
-1.099462427e-05
0.002010809337
-8.887414178e-06
0.002009069707
-7.176052956e-06
0.002007673316
-5.78844719e-06
0.002006552607
-4.664992931e-06
0.002005653273
-3.75658472e-06
0.002004931675
-3.022899751e-06
0.002004352759
-2.430922097e-06
0.002003888377
-1.953687084e-06
0.002003515935
-1.569226069e-06
0.002003217299
-1.259672489e-06
0.002002977926
-1.010520193e-06
0.002002786151
-8.100106705e-07
0.002002632631
-6.486202452e-07
0.002002509885
-5.186409799e-07
0.002002411935
-4.138362231e-07
0.002002334011
-3.291557213e-07
0.002002272319
-2.605042465e-07
0.002002223857
-2.045535692e-07
0.002002186269
-1.585838954e-07
0.002002157728
-1.203571918e-07
0.00200213685
-8.800987332e-08
0.002002122621
-5.996224735e-08
0.00200211435
-3.4844347e-08
-1.14287025e-08
0.002009418284
1.71646252e-05
0.00201717052
1.790039637e-05
0.002025603662
1.939650346e-05
0.002035091008
2.170234741e-05
0.002046046246
2.489269895e-05
0.002058938531
2.906846617e-05
0.002074308968
3.435767819e-05
0.002092788825
4.091671708e-05
0.002115119803
4.893193534e-05
0.002142176715
5.862199752e-05
0.002174993166
7.024163902e-05
0.002214791784
8.408807377e-05
0.002263022708
0.0001005120579
0.00232141864
0.0001199366018
0.002392085389
0.0001428879952
0.002477673891
0.0001700502008
0.002580836249
0.0002018661418
0.00270726429
0.0002384392626
0.0028658868
0.0002876174575
0.003022647297
0.0002905404346
0.003221931614
0.0003661782517
0.003383581338
0.0002877500862
0.003534976304
0.0002531494351
0.003675233361
0.0002567731074
0.003690843446
1.132521478e-05
0.003675247184
-1.12814374e-05
0.003535008197
-0.000256721887
0.003383634378
-0.0002530894267
0.003222021009
-0.0002876641333
0.00302278133
-0.0003660717445
0.002866081231
-0.0002904039883
0.002707532298
-0.0002874495405
0.002581191302
-0.0002382365117
0.002478135877
-0.0002016166359
0.002392678744
-0.0001697429394
0.00232217349
-0.000142509097
0.00226397676
-0.000119468278
0.00221599221
-9.99321015e-05
0.002176498919
-8.336886176e-05
0.002144061394
-6.934888568e-05
0.002117475189
-5.751320691e-05
0.002095729253
-4.755449966e-05
0.002077976742
-3.920559388e-05
0.002063510599
-3.223255835e-05
0.002051742442
-2.643033676e-05
0.002042184196
-2.161969547e-05
0.002034432204
-1.764476852e-05
0.002028153571
-1.437084959e-05
0.002023074501
-1.168228392e-05
0.002018970381
-9.480419579e-06
0.00201565739
-7.681633679e-06
0.002012985434
-6.215458352e-06
0.002010832214
-5.022832615e-06
0.002009098269
-4.054502163e-06
0.002007702852
-3.269576533e-06
0.002006580516
-2.634248413e-06
0.002005678287
-2.120670273e-06
0.002004953342
-1.70597739e-06
0.002004371109
-1.371453754e-06
0.002003903701
-1.101818576e-06
0.002003528651
-8.846225848e-07
0.002003227875
-7.097441262e-07
0.002002986831
-5.689666856e-07
0.00200279384
-4.556289618e-07
0.002002639533
-3.643339325e-07
0.002002516408
-2.907114427e-07
0.002002418473
-2.312206898e-07
0.002002340958
-1.8298946e-07
0.002002280086
-1.43681117e-07
0.002002232888
-1.113859866e-07
0.002002197063
-8.453211274e-08
0.002002170863
-6.18099663e-08
0.002002153011
-4.21103059e-08
0.002002142636
-2.446959008e-08
-8.025580778e-09
0.002010346968
8.817657008e-06
0.002019055256
9.192108226e-06
0.002028498648
9.953111573e-06
0.002039076032
1.112496373e-05
0.002051224387
1.274434347e-05
0.00206543228
1.486057311e-05
0.002082254
1.753595851e-05
0.002102324481
2.084623664e-05
0.002126375197
2.488121939e-05
0.00215525137
2.974582372e-05
0.002189931172
3.556183764e-05
0.002231548295
4.247095026e-05
0.002281420601
5.063975168e-05
0.002341089797
6.026740627e-05
0.00241238164
7.159615184e-05
0.002497507797
8.492404457e-05
0.002598894725
0.0001004792132
0.002719498183
0.0001178358049
0.002866305209
0.0001408104314
0.00301372948
0.000143116163
0.003200136223
0.0001797715097
0.003347006262
0.0001408800463
0.003478839247
0.0001213164505
0.00360985653
0.0001257558241
0.003617597778
3.58396735e-06
0.003609876795
-3.560454947e-06
0.0034788836
-0.0001257286913
0.003347078826
-0.000121284653
0.003200250397
-0.0001408357049
0.003013895147
-0.0001797164946
0.002866537461
-0.0001430463017
0.002719812238
-0.0001407243178
0.002599307206
-0.0001177314798
0.002498041376
-0.0001003508055
0.002413064283
-8.476584694e-05
0.00234195616
-7.140097363e-05
0.002282513965
-6.002608286e-05
0.002232922708
-5.034084467e-05
0.00219165408
-4.210023411e-05
0.002157406855
-3.51016602e-05
0.00212906796
-2.917431243e-05
0.00210568477
-2.417130938e-05
0.00208644366
-1.996448332e-05
0.002070652194
-1.644109245e-05
0.00205772361
-1.350175292e-05
0.002047162963
-1.105904832e-05
0.002038554663
-9.036468984e-06
0.002031551296
-7.367482395e-06
0.00202586365
-5.994637782e-06
0.00202125191
-4.868679708e-06
0.002017517945
-3.947668211e-06
0.002014498606
-3.196120133e-06
0.002012059968
-2.584194362e-06
0.002010092397
-2.08693066e-06
0.002008506374
-1.683554134e-06
0.002007228975
-1.356849548e-06
0.002006200913
-1.092608463e-06
0.002005374082
-8.791459408e-07
0.002004709511
-7.068829602e-07
0.002004175681
-5.679882018e-07
0.002003747133
-4.560747265e-07
0.002003403335
-3.659458001e-07
0.002003127747
-2.933790463e-07
0.002002907066
-2.349478355e-07
0.002002730607
-1.87875379e-07
0.002002589808
-1.499116417e-07
0.00200247782
-1.192332358e-07
0.002002389191
-9.436034906e-08
0.002002319599
-7.408866205e-08
0.002002265647
-5.743453054e-08
0.002002224701
-4.358649051e-08
0.002002194761
-3.186945791e-08
0.002002174362
-2.171158488e-08
0.002002162509
-1.261593694e-08
-4.137790582e-09
0.002010817657
0.002020009765
0.002029962877
0.002041087841
0.002053832184
0.002068692757
0.002086228716
0.002107074952
0.002131956172
0.002161701995
0.002197263833
0.002239734783
0.002290374535
0.002350641941
0.002422238093
0.002507162138
0.002607641351
0.002725477156
0.002866287587
0.00300940375
0.00318917526
0.003330055306
0.003451371757
0.003577127581
0.003580711548
0.003577151093
0.003451422402
0.003330137749
0.003189302044
0.00300958555
0.002866539248
0.00272581493
0.00260808345
0.002507732645
0.002422966798
0.002351565824
0.002291539741
0.002241198897
0.002199098663
0.002163997002
0.00213482269
0.002110651381
0.002090686897
0.002074245805
0.002060744052
0.002049685003
0.002040648535
0.002033281052
0.002027286414
0.002022417735
0.002018470066
0.002015273946
0.002012689752
0.002010602821
0.002008919267
0.002007562418
0.002006469809
0.002005590663
0.00200488378
0.002004315792
0.002003859717
0.002003493771
0.002003200392
0.002002965445
0.002002777569
0.002002627658
0.002002508424
0.002002414064
0.002002339975
0.002002282541
0.002002238954
0.002002207085
0.002002185373
0.002002172757
1.384041006e-05
0.001873726256
-0.001887566666
2.767824054e-05
0.001780908412
-0.001794746243
4.177845692e-05
0.00170302775
-0.001717127966
5.610787862e-05
0.001637094726
-0.001651424148
7.024715292e-05
0.001580845435
-0.00159498471
8.340085943e-05
0.001532610222
-0.001545763928
9.457172161e-05
0.001491185321
-0.001502356184
0.0001029088281
0.001455698709
-0.001464035815
0.0001081390396
0.001425482374
-0.001430712585
0
-0
4.339213824e-05
0.001830334118
8.557299676e-05
0.001738727554
0.0001260516605
0.001662549086
0.0001635487475
0.001599597639
0.0001961439529
0.00154825023
0.0002217197778
0.001507034397
0.0002385722338
0.001474332865
0.0002460254632
0.001448245479
0.0002448725065
0.00142663533
0
1.555175023e-05
0.001814782367
2.994399653e-05
0.001724335307
4.457064512e-05
0.001647922437
6.15577793e-05
0.001582610505
8.365951228e-05
0.001526148497
0.0001138003126
0.001476893597
0.0001543968997
0.001433736278
0.0002066448786
0.001395997501
0.0002699920928
0.001363288116
0
4.701032952e-05
0.001767772038
9.189623436e-05
0.001679449402
0.0001352690569
0.001604549615
0.0001776776562
0.001540201906
0.0002197083514
0.001484117802
0.0002620475364
0.001434554412
0.00030546296
0.001390320855
0.0003506795828
0.001350780878
0.0003981754892
0.001315792209
0
6.793340963e-05
0.001699838628
0.0001330062732
0.001614376539
0.0001957342392
0.001541821649
0.0002563839478
0.001479552197
0.0003149843704
0.001425517379
0.0003714126983
0.001378126084
0.0004255791731
0.00133615438
0.0004776894943
0.001298670557
0.000528493533
0.001264988171
0
9.135852237e-05
0.001608480106
0.0001791291113
0.00152660595
0.0002633677867
0.001457582974
0.0003433567954
0.001399563188
0.0004177418384
0.001351132336
0.0004849093601
0.001310958562
0.0005435013185
0.001277562422
0.000592944506
0.001249227369
0.0006338680555
0.001224064621
0
6.523723869e-05
0.001543242867
0.0001272549851
0.001464588203
0.0001879444919
0.001396893467
0.0002496938708
0.001337813809
0.0003152423218
0.001285583885
0.0003872064159
0.001238994468
0.0004674419177
0.00119732692
0.0005564491727
0.001160220114
0.0006530415734
0.001127472221
0
9.278735866e-05
0.001450455509
0.0001807743268
0.001376601235
0.000264367938
0.001313299856
0.0003439062872
0.00125827546
0.0004198066184
0.001209683554
0.000492704801
0.001166096285
0.0005635056159
0.001126526105
0.0006332787621
0.001090446968
0.0007029932868
0.001057757696
0
0.0001116964842
0.001338759024
0.0002187532446
0.001269544475
0.0003218004041
0.001210252696
0.0004207382612
0.001159337603
0.0005148007553
0.00111562106
0.0006028197417
0.001078077299
0.0006836553579
0.001045690489
0.0007567012943
0.001017401031
0.0008223090705
0.0009921499196
0
9.744953923e-05
0.001241309485
0.0001896444071
0.001177349607
0.0002776413568
0.001122255746
0.0003626708111
0.001074308149
0.0004460830625
0.001032208808
0.0005291558483
0.0009950045131
0.0006128558371
0.0009619904999
0.0006976586906
0.0009325981779
0.0007835082619
0.0009063003483
0
0.0001166581299
0.001124651355
0.0002278879343
0.001066119803
0.0003345389643
0.001015604716
0.0004371562009
0.0009716909121
0.0005361398665
0.0009332251427
0.0006319338599
0.0008992105197
0.00072514706
0.0008687772997
0.0008165352487
0.0008412099892
0.0009068476776
0.0008159879194
0
0.000106231761
0.001018419594
0.0002068745716
0.0009654769922
0.0003033121133
0.0009191671747
0.0003970851613
0.0008779178641
0.0004897937603
0.0008405165437
0.0005828432091
0.0008061610709
0.0006771559154
0.0007744645934
0.0007729715707
0.0007453943339
0.0008698186278
0.0007191408623
0
0.0001331215885
0.0008852980057
0.0002598240656
0.000838774515
0.0003802868516
0.0007987043887
0.0004939774172
0.0007642272984
0.000599810226
0.000734683735
0.0006965345893
0.0007094367075
0.0007832442511
0.0006877549316
0.0008598685737
0.0006687700114
0.0009274955787
0.0006515138572
0
0.0001177457408
0.0007675522649
0.0002293764897
0.0007271437661
0.0003360941614
0.0006919867171
0.0004391237086
0.0006611977512
0.0005397161849
0.0006340912587
0.0006390567134
0.000610096179
0.0007381181223
0.0005886935227
0.0008375127588
0.0005693753749
0.0009373977513
0.0005516288647
0
0.0001139964317
0.0006535558332
0.0002214542561
0.0006196859416
0.0003234773478
0.0005899636254
0.0004214059561
0.0005632691429
0.0005168066689
0.000538690546
0.0006113022566
0.0005156005913
0.0007062980237
0.0004936977556
0.0008026821665
0.0004729912321
0.0009005897142
0.0004537213169
0
0.0001391592295
0.0005143966037
0.0002715713419
0.0004872738293
0.0003977159983
0.000463818969
0.0005174956572
0.000443489484
0.0006303617975
0.0004258244056
0.0007355990662
0.0004103633226
0.0008326768788
0.000396619943
0.0009215559124
0.0003841121985
0.001002843444
0.0003724337855
0
0.0001295102717
0.000384886332
0.0002525586634
0.0003642254376
0.0003703405238
0.0003460371086
0.0004838973071
0.0003299327006
0.0005940742687
0.000315647444
0.0007014418669
0.0003029957244
0.0008062400015
0.0002918218084
0.0009083987308
0.0002819534692
0.001007656157
0.0002731763595
0
0.0001292366985
0.0002556496335
0.0002516045099
0.0002418576262
0.0003679602691
0.0002296813493
0.0004790411295
0.0002188518403
0.0005854974059
0.0002091911676
0.0006878924836
0.0002006006468
0.0007866696841
0.0001930446078
0.0008821020992
0.0001865210541
0.0009742607713
0.0001810176875
0
0.0001288905101
0.0001267591234
0.0002508175842
0.0001199305521
0.0003665792692
0.0001139196643
0.0004768611327
0.0001085699768
0.0005822990037
0.0001037532966
0.0006835319446
9.936770595e-05
0.0007812293335
9.534721882e-05
0.0008760726558
9.167773189e-05
0.0009686853224
8.840502082e-05
0
0.000128645551
-1.886427577e-06
0.0002503805806
-1.804477507e-06
0.0003660496222
-1.749377262e-06
0.000476335098
-1.715499001e-06
0.0005817887269
-1.70033236e-06
0.0006828598787
-1.703445891e-06
0.0007799324112
-1.725313616e-06
0.000873376242
-1.766098925e-06
0.0009636063554
-1.825092606e-06
-0
0.0001286291374
-0.000130515565
0.0002503649798
-0.0001235403199
0.0003660626113
-0.0001174470088
0.000476409406
-0.0001120622937
0.0005819545149
-0.0001072454413
0.0006831364177
-0.0001028853486
0.0007803216826
-9.891057855e-05
0.000873862499
-9.530691527e-05
0.0009641654656
-9.212805925e-05
-0
0.00012877345
-0.000259289015
0.0002505963344
-0.0002453632043
0.0003662706843
-0.0002331213587
0.0004764884374
-0.0002222800468
0.0005818946001
-0.000212651604
0.0006831407437
-0.0002041314922
0.0007809130223
-0.0001966828571
0.0008759152703
-0.0001903091633
0.0009687991085
-0.0001850118974
-0
0.0001290196817
-0.0003883086968
0.0002511864552
-0.0003675299777
0.0003673560158
-0.0003492909193
0.0004782662782
-0.0003331903092
0.000584572286
-0.0003189576118
0.0006868488059
-0.0003064080121
0.0007855576464
-0.0002953916977
0.0008809918028
-0.0002857433197
0.0009732285963
-0.0002772486909
-0
0.0001291568685
-0.0005174655653
0.0002518624401
-0.0004902355493
0.0003693043691
-0.0004667328483
0.0004825256335
-0.0004464115736
0.0005923800028
-0.0004288119811
0.0006994458929
-0.0004134739022
0.0008039569479
-0.0003999027527
0.000905805478
-0.0003875918498
0.001004645518
-0.0003760887311
-0
0.00013875969
-0.0006562252553
0.0002708545766
-0.0006223304359
0.0003967944091
-0.0005926726808
0.0005164767388
-0.0005660939033
0.0006292980496
-0.0005416332919
0.0007344287441
-0.0005186045966
0.0008311688468
-0.0004966428555
0.0009192770648
-0.0004757000678
0.0009991670757
-0.000455978742
-0
0.0001129927961
-0.0007692180514
0.0002193381135
-0.0007286757533
0.0003200208025
-0.0006933553698
0.0004163090773
-0.000662382178
0.0005097636975
-0.0006350879122
0.0006020884545
-0.0006109293536
0.0006948696331
-0.0005894240341
0.0007892737646
-0.0005701041992
0.0008857889542
-0.0005524939316
-0
0.0001170095083
-0.0008862275597
0.0002279758462
-0.0008396420912
0.0003341277629
-0.0007995072865
0.0004367080935
-0.0007649625086
0.000536970353
-0.0007353501717
0.0006360805684
-0.0007100395689
0.0007349682495
-0.0006883117153
0.0008341807749
-0.0006693167246
0.0009337961629
-0.0006521093196
-0
0.0001323999847
-0.001018627544
0.0002584386413
-0.0009656807478
0.0003783180909
-0.0009193867361
0.0004915327049
-0.0008781771226
0.0005970215937
-0.0008408390604
0.0006935443845
-0.0008065623598
0.0007801761755
-0.0007749435062
0.0008567861354
-0.0007459266845
0.0009243547764
-0.0007196779605
0
0.000105499292
-0.001124126836
0.0002053835413
-0.001065564997
0.000300978678
-0.001014981873
0.0003937765447
-0.0009709749893
0.000485343153
-0.0009324056687
0.0005770742062
-0.0008982934129
0.0006699154391
-0.0008677847391
0.0007641655611
-0.0008401768066
0.000859442007
-0.0008149544064
-0
0.0001161056985
-0.001240232535
0.0002267965665
-0.001176255865
0.0003328997753
-0.001121085082
0.000434930874
-0.001073006088
0.0005332504235
-0.001030725218
0.0006282535562
-0.0009932965456
0.0007204983473
-0.0009600295302
0.0008107010182
-0.0009303794775
0.0008995996163
-0.0009038530045
0
9.706585108e-05
-0.001337298386
0.0001889158878
-0.001268105902
0.0002766196458
-0.00120878884
0.0003614201062
-0.001157806548
0.0004446750744
-0.001113980187
0.0005276560116
-0.001076277483
0.0006112979933
-0.001043671512
0.0006960084636
-0.001015089948
0.0007816197183
-0.0009894642591
-0
0.0001114190222
-0.001448717408
0.0002182235791
-0.001374910459
0.0003210485819
-0.001311613842
0.0004198009463
-0.001256558913
0.000513725113
-0.001207904353
0.0006016691982
-0.001164221568
0.00068251519
-0.001124517504
0.0007556795488
-0.001088254307
0.000821526449
-0.001055311159
-0
9.257899788e-05
-0.001541296406
0.0001803769953
-0.001462708456
0.0002638060275
-0.001395042875
0.0003432124189
-0.001335965304
0.0004190269001
-0.001283718835
0.0004919060777
-0.001237100745
0.0005627845271
-0.001195395953
0.000632771979
-0.001158241759
0.0007028873165
-0.001125426497
0
6.511352544e-05
-0.001606409931
0.0001270340031
-0.001524628934
0.0001876641172
-0.001455672989
0.0002493984767
-0.001397699664
0.0003149772708
-0.001349297629
0.0003870131359
-0.00130913661
0.0004673561899
-0.001275739007
0.0005565065966
-0.001247392165
0.0006532947116
-0.001222214612
-0
9.124261265e-05
-0.001697652544
0.0001789053582
-0.001612291679
0.0002630448647
-0.001539812495
0.0003429462969
-0.001477601096
0.0004172619781
-0.00142361331
0.00048438943
-0.001376264062
0.0005429859634
-0.001334335541
0.0005924970146
-0.001296903216
0.0006335728318
-0.001263290429
-0
6.785064458e-05
-0.001765503189
0.0001328496667
-0.001677290701
0.0001955151373
-0.001602477966
0.0002561158752
-0.001538201834
0.0003146834894
-0.001482180924
0.0003710989005
-0.001432679473
0.000425277417
-0.001388514057
0.0004774303284
-0.001349056128
0.0005283109957
-0.001314171096
-0
4.696334141e-05
-0.00181246653
9.180886211e-05
-0.001722136222
0.0001351499972
-0.001645819101
0.0001775369917
-0.001580588828
0.0002195568521
-0.001524200785
0.0002618954869
-0.001475018108
0.0003053180181
-0.001431936588
0.0003505433075
-0.001394281417
0.0003980383247
-0.001361666113
-0
1.553661883e-05
-0.001828003149
2.992579312e-05
-0.001736525396
4.456813194e-05
-0.00166046144
6.1591685e-05
-0.001597612382
8.37463056e-05
-0.001546355405
0.0001139447757
-0.001505216578
0.0001545846221
-0.001472576435
0.0002068365043
-0.001446533299
0.0002701213914
-0.001424951001
-0
4.335679886e-05
-0.001871359948
8.549736561e-05
-0.001778665963
0.0001259260478
-0.001700890122
0.0001633616861
-0.00163504802
0.0001958863018
-0.001578880021
0.0002213894304
-0.001530719707
0.000238178242
-0.001489365246
0.0002455899148
-0.001453944972
0.0002444284813
-0.001423789567
-0
1.382964726e-05
-0.001885189595
2.765634049e-05
-0.001792492656
4.174384065e-05
-0.001714977622
5.605743269e-05
-0.001649361612
7.017631501e-05
-0.001592998903
8.330460985e-05
-0.001543848002
9.444671519e-05
-0.001500507352
0.0001027562382
-0.001462254495
0.0001079667972
-0.001429000126
-0
-1.382007652e-05
-0.001871369519
-2.763797581e-05
-0.001778674757
-4.171754236e-05
-0.001700898055
-5.602412254e-05
-0.001635055032
-7.013696079e-05
-0.001578886065
-8.3260215e-05
-0.001530724748
-9.43983089e-05
-0.001489369258
-0.0001027048731
-0.001453947931
-0.0001079135506
-0.001423791449
-0
-4.334665084e-05
-0.001828022868
-8.547782937e-05
-0.001736543579
-0.0001258979342
-0.001660477951
-0.0001633258437
-0.001597627122
-0.0001958436111
-0.001546368298
-0.0002213408009
-0.001505227558
-0.0002381246125
-0.001472585446
-0.0002455322555
-0.001446540288
-0.000244367792
-0.001424955912
-0
-1.55256908e-05
-0.001812497177
-2.990472349e-05
-0.001722164546
-4.453775579e-05
-0.001645844918
-6.155288649e-05
-0.001580611991
-8.370002577e-05
-0.001524221158
-0.0001138920204
-0.001475035563
-0.0001545264711
-0.001431950995
-0.0002067741135
-0.001394292646
-0.0002700559884
-0.001361674037
-0
-4.695176214e-05
-0.001765545415
-9.178658708e-05
-0.001677329721
-0.0001351179982
-0.001602513507
-0.0001774963257
-0.001538233664
-0.000219508661
-0.001482208823
-0.0002618409982
-0.001432703226
-0.0003052585489
-0.001388533445
-0.0003504802678
-0.001349070927
-0.0003979732255
-0.00131418108
-0
-6.783708029e-05
-0.001697708334
-0.0001328233706
-0.001612343431
-0.0001954769257
-0.001539859952
-0.0002560665618
-0.001477644028
-0.0003146238947
-0.00142365149
-0.000371029856
-0.001376297265
-0.0004251997676
-0.001334363533
-0.0004773449353
-0.001296925759
-0.0005282187431
-0.001263307272
-0
-9.12263907e-05
-0.001606481944
-0.0001788736065
-0.001524696215
-0.0002629980759
-0.001455735483
-0.0003428848114
-0.001397757292
-0.0004171860236
-0.001349350278
-0.0004842991612
-0.001309184127
-0.0005428814982
-0.001275781196
-0.0005923784713
-0.001247428786
-0.0006334403638
-0.001222245379
-0
-6.509537743e-05
-0.001541386566
-0.0001269983758
-0.001462793216
-0.0001876114285
-0.00139512243
-0.0002493289822
-0.001336039739
-0.0003148911384
-0.001283788122
-0.0003869105117
-0.001237164754
-0.00046723725
-0.001195454458
-0.0005563715848
-0.001158294451
-0.0006531439626
-0.001125473001
-0
-9.256046048e-05
-0.001448826106
-0.0001803406403
-0.001375013037
-0.0002637523259
-0.001311710744
-0.0003431416427
-0.001256650422
-0.0004189391471
-0.001207990617
-0.0004918012824
-0.001164302619
-0.0005626624689
-0.001124593271
-0.0006326322949
-0.001088324625
-0.0007027295234
-0.001055375773
-0
-0.000111397484
-0.001337428622
-0.0002181807081
-0.001268229813
-0.0003209839147
-0.001208907538
-0.0004197134929
-0.001157920843
-0.0005136134677
-0.001114090642
-0.0006015316208
-0.001076384466
-0.0006823496589
-0.001043775233
-0.0007554837843
-0.0010151905
-0.0008212979064
-0.0009895616509
-0
-9.704740754e-05
-0.001240381214
-0.0001888795165
-0.001176397704
-0.0002765655123
-0.001121221542
-0.0003613480809
-0.001073138275
-0.0004445847516
-0.001030853972
-0.0005275467103
-0.0009934225067
-0.0006111687609
-0.0009601531825
-0.000695858097
-0.0009305011636
-0.0007814468065
-0.0009039729414
-0
-0.0001160857357
-0.001124295479
-0.0002267563556
-0.001065727084
-0.0003328381252
-0.001015139772
-0.0004348458654
-0.0009711305347
-0.0005331395525
-0.0009325602846
-0.0006281138518
-0.0008984482074
-0.0007203264572
-0.0008679405771
-0.0008104932514
-0.0008403343694
-0.0008993519383
-0.0008151142546
-0
-0.0001054855308
-0.001018809948
-0.0002053559311
-0.0009658566834
-0.0003009366055
-0.000919559098
-0.0003937189844
-0.0008783481559
-0.0004852687404
-0.0008410105286
-0.0005769812789
-0.0008067356689
-0.000669802053
-0.000775119803
-0.0007640294919
-0.0007461069305
-0.0008592807584
-0.0007198629881
-0
-0.0001323951665
-0.0008864147813
-0.0002584291187
-0.0008398227313
-0.0003783038571
-0.0007996843595
-0.0004915136118
-0.0007651384012
-0.0005969973022
-0.0007355268382
-0.0006935143144
-0.0007102186567
-0.0007801394824
-0.000688494635
-0.0008567417363
-0.0006695046766
-0.0009243014338
-0.0006523032906
-0
-0.0001170063038
-0.0007694084775
-0.0002279685694
-0.0007288604657
-0.0003341149094
-0.0006935380196
-0.0004366876481
-0.0006625656624
-0.000536939905
-0.0006352745814
-0.0006360374109
-0.0006111211508
-0.0007349094501
-0.0005896225958
-0.0008341031942
-0.0005703109326
-0.0009336964019
-0.0005527100829
-0
-0.0001129994327
-0.0006564090448
-0.0002193506547
-0.0006225092437
-0.0003200383497
-0.0005928503246
-0.0004163305998
-0.0005662734123
-0.0005097880552
-0.000541817126
-0.0006021143982
-0.0005187948078
-0.0006948957751
-0.0004968412189
-0.0007892985144
-0.0004759081933
-0.0008858104231
-0.0004561981741
-0
-0.0001387810067
-0.0005176280381
-0.0002708970949
-0.0004903931555
-0.0003968587148
-0.0004668887047
-0.0005165639455
-0.0004465681816
-0.0006294096382
-0.0004289714333
-0.0007345664261
-0.0004136380198
-0.0008313344722
-0.0004000731729
-0.000919472592
-0.0003877700735
-0.0009993946205
-0.0003762761456
-0
-0.000129180737
-0.0003884473012
-0.0002519090371
-0.0003676648553
-0.0003693727255
-0.0003494250163
-0.0004826149259
-0.0003333259812
-0.0005924895592
-0.0003190967999
-0.0006995752127
-0.0003065523663
-0.0008041057228
-0.0002955426628
-0.0009059736045
-0.0002859021918
-0.0010048331
-0.00027741665
-0
-0.000129052582
-0.0002593947192
-0.0002512513623
-0.0002454660751
-0.0003674526853
-0.0002332236933
-0.000478394969
-0.0002223836975
-0.0005847336627
-0.0002127581063
-0.0006870438833
-0.0002042421457
-0.0007857877692
-0.0001967987769
-0.0008812586452
-0.0001904313157
-0.000973534159
-0.0001851411362
-0
-0.000128812607
-0.0001305821122
-0.0002506738387
-0.0001236048434
-0.0003663866873
-0.0001175108446
-0.0004766438761
-0.0001121265087
-0.0005820910744
-0.0001073109081
-0.0006833804243
-0.0001029527959
-0.0007811985717
-9.898062946e-05
-0.0008762497662
-9.538012124e-05
-0.0009691859677
-9.220493477e-05
-0
-0.0001286711592
-1.910952912e-06
-0.0002504482449
-1.827757777e-06
-0.0003661874456
-1.771643936e-06
-0.0004765770101
-1.736944156e-06
-0.0005821667755
-1.721142687e-06
-0.000683395738
-1.723833365e-06
-0.0007806308296
-1.745537819e-06
-0.0008742244776
-1.786473287e-06
-0.0009645834416
-1.84597073e-06
-0
-0.0001286877663
0.0001267768134
-0.0002504639673
0.0001199484432
-0.0003661740426
0.0001139384314
-0.000476501165
0.0001085901782
-0.0005819977254
0.0001037754177
-0.0006831137446
9.939218579e-05
-0.000780233744
9.53744616e-05
-0.0008737283266
9.170810927e-05
-0.0009640131641
8.843886682e-05
0
-0.0001289308833
0.0002557076968
-0.0002508974431
0.000241915003
-0.0003666986722
0.0002297396605
-0.000477020888
0.0002189123941
-0.0005825005374
0.0002092550671
-0.0006837772254
0.0002006688737
-0.0007815208517
0.000193118088
-0.0008764134479
0.0001866007055
-0.0009690790225
0.0001811044414
0
-0.000129271788
0.0003849794847
-0.0002516737747
0.0003643169898
-0.0003680635512
0.000346129437
-0.0004791788754
0.0003300277182
-0.0005856705565
0.0003157467482
-0.000688102384
0.0003031007012
-0.0007869179994
0.0002919337034
-0.0008823907319
0.0002820734379
-0.0009745917938
0.0002733055034
0
-0.0001295371989
0.0005145166836
-0.0002526115146
0.0004873913055
-0.0003704187241
0.0004639366464
-0.0004840006042
0.0004436095984
-0.0005942026409
0.0004259487849
-0.0007015954283
0.0004104934886
-0.0008064189031
0.0003967571782
-0.0009086030669
0.0003842576017
-0.001007885894
0.0003725883302
0
-0.0001391835997
0.0006537002832
-0.0002716196854
0.0006198273912
-0.0003977885704
0.0005901055315
-0.0005175932513
0.0005634142793
-0.0006304856799
0.0005388412134
-0.0007357509589
0.0005157587676
-0.0008328589829
0.0004938652023
-0.0009217709467
0.0004731695654
-0.001003094663
0.0004539120466
0
-0.0001140067471
0.0007677070303
-0.0002214739851
0.0007272946292
-0.0003235054556
0.0006921370019
-0.0004214412821
0.0006613501059
-0.0005168479316
0.0006342478629
-0.0006113480521
0.0006102588881
-0.0007063468174
0.0005888639676
-0.0008027322779
0.0005695550259
-0.0009006392975
0.0005518190663
0
-0.0001177465399
0.0008854535702
-0.0002293772219
0.0008389253113
-0.0003360935136
0.0007988532936
-0.0004391199669
0.0007643765592
-0.0005397072474
0.0007348351433
-0.0006390400706
0.0007095917113
-0.0007380908137
0.0006879147108
-0.0008374713255
0.0006689355376
-0.0009373382103
0.0006516859511
0
-0.0001331204706
0.001018574041
-0.0002598216586
0.0009656264993
-0.0003802828415
0.0009193144765
-0.0004939713678
0.0008780650855
-0.0005998015956
0.0008406653711
-0.0006965227597
0.0008063128754
-0.0007832285685
0.0007746205196
-0.000859848394
0.0007455553631
-0.0009274703022
0.0007193078593
0
-0.000106221913
0.001124795954
-0.0002068546058
0.001066259192
-0.0003032812785
0.001015741149
-0.0003970423177
0.0009718261247
-0.0004897374431
0.0009333604965
-0.0005827716692
0.0008993471014
-0.0006770671436
0.0008689159941
-0.0007728633118
0.0008413515313
-0.0008696883841
0.0008161329316
0
-0.0001166420233
0.001241437977
-0.0002278554026
0.001177472571
-0.0003344889464
0.001122374693
-0.0004370870167
0.001074424195
-0.0005360492898
0.00103232277
-0.0006318191503
0.0009951169619
-0.0007250049617
0.0009621018054
-0.00081636197
0.0009327085397
-0.0009066388692
0.0009064098308
0
-9.743456888e-05
0.001338872546
-0.0001896147071
0.00126965271
-0.0002775967716
0.001210356758
-0.0003626108764
0.0011594383
-0.0004460070744
0.001115718968
-0.0005290629292
0.001078172817
-0.0006127450011
0.001045783877
-0.000697528897
0.001017492436
-0.0007833584495
0.0009922393832
0
-0.0001116781252
0.001450550671
-0.0002187166591
0.001376691243
-0.0003217451528
0.001313385251
-0.0004206634413
0.001258356588
-0.0005147050681
0.001209760594
-0.0006027015269
0.001166169276
-0.000683512609
0.001126594959
-0.0007565316663
0.001090511493
-0.0008221098938
0.001057817611
0
-9.277157752e-05
0.001543322249
-0.0001807432747
0.001464662941
-0.0002643218478
0.001396963824
-0.0003438451821
0.001337879923
-0.0004197303647
0.001285645777
-0.0004926131525
0.001239052063
-0.0005633982566
0.001197380064
-0.0006331553471
0.001160268583
-0.0007028534737
0.001127515737
0
-6.522157261e-05
0.001608543821
-0.0001272242065
0.001526665574
-0.000187898929
0.001457638547
-0.0002496336971
0.001399614691
-0.0003151676128
0.001351179693
-0.0003871171892
0.00131100164
-0.0004673381623
0.001277601037
-0.0005563308702
0.001249261291
-0.0006529087142
0.001224093581
0
-9.134431319e-05
0.001699888135
-0.0001791012714
0.001614422533
-0.0002633267077
0.001541863983
-0.0003433027331
0.001479590716
-0.0004176749521
0.001425551912
-0.0004848297457
0.001378156433
-0.0005434090334
0.001336180324
-0.0005928395862
0.001298691844
-0.0006337505271
0.001265004522
0
-6.792149364e-05
0.001767809628
-0.0001329831409
0.00167948418
-0.0001957005483
0.001604581391
-0.0002563403355
0.001540230503
-0.000314931467
0.001484143043
-0.0003713511429
0.001434576109
-0.0004255096271
0.001390338809
-0.0004776126575
0.001350794875
-0.0005284101602
0.001315802025
0
-4.70001204e-05
0.001814809749
-9.187657098e-05
0.00172436063
-0.000135240747
0.001647945567
-0.0001776415666
0.001582631323
-0.0002196654179
0.001526166894
-0.000261998775
0.001476909466
-0.0003054094812
0.001433749515
-0.000350622608
0.001396008001
-0.0003981163654
0.001363295782
0
-1.554203191e-05
0.001830351781
-2.992525715e-05
0.001738743856
-4.454361891e-05
0.001662563928
-6.152323781e-05
0.001599610942
-8.361826822e-05
0.001548261925
-0.0001137532207
0.001507044419
-0.0001543448574
0.001474341151
-0.0002065888247
0.001448251969
-0.0002699330051
0.001426639963
0
-4.338305351e-05
0.001873734834
-8.55555007e-05
0.001780916303
-0.0001260264642
0.001703034892
-0.0001635165921
0.00163710107
-0.0001961056074
0.00158085094
-0.0002216760372
0.001532614849
-0.0002385239172
0.001491189031
-0.0002459734091
0.001455701461
-0.000244817567
0.001425484121
0
-1.383183188e-05
-2.766177152e-05
-4.175484589e-05
-5.607792372e-05
-7.021169315e-05
-8.336077277e-05
-9.452792493e-05
-0.0001028622797
-0.000108090744
)
;

boundaryField
{
    oversetFaces
    {
        type            overset;
        value           nonuniform 0();
    }
    in
    {
        type            calculated;
        value           nonuniform List<scalar> 
25
(
-0.002002
-0.002002
-0.002002
-0.002002
-0.002002
-0.002002
-0.002002
-0.002002
-0.002002
-0.002002
-0.002002
-0.002002
-0.002002
-0.002002
-0.002002
-0.002002
-0.002002
-0.002002
-0.002002
-0.002002
-0.002002
-0.002002
-0.002002
-0.002002
-0.002002
)
;
    }
    out
    {
        type            calculated;
        value           nonuniform List<scalar> 
25
(
0.002002120484
0.002002111253
0.002002093381
0.002002068024
0.002002036826
0.002002001808
0.002001965254
0.002001929555
0.002001897067
0.002001869952
0.002001850049
0.002001838748
0.002001836902
0.002001844772
0.002001862004
0.002001887653
0.00200192024
0.00200195784
0.00200199821
0.002002038919
0.002002077508
0.002002111637
0.002002139233
0.002002158621
0.00200216862
)
;
    }
    top
    {
        type            calculated;
        value           uniform 0;
    }
    bottom
    {
        type            calculated;
        value           uniform 0;
    }
    cylinder
    {
        type            calculated;
        value           uniform 0;
    }
    outerCylinder
    {
        type            calculated;
        value           uniform 0;
    }
    frontAndBack
    {
        type            empty;
    }
}


// ************************************************************************* //
