/*--------------------------------*- C++ -*----------------------------------*\
| =========                 |                                                 |
| \\      /  F ield         | OpenFOAM Extend Project: Open source CFD        |
|  \\    /   O peration     | Version:  1.6-ext                               |
|   \\  /    A nd           | Web:      www.extend-project.de                 |
|    \\/     M anipulation  |                                                 |
\*---------------------------------------------------------------------------*/
FoamFile
{
    version     2.0;
    format      ascii;
    class       volVectorField;
    location    "0";
    object      U;
}
// * * * * * * * * * * * * * * * * * * * * * * * * * * * * * * * * * * * * * //

dimensions      [0 1 -1 0 0 0 0];

internalField   nonuniform List<vector> 
2675
(
(1.00216574 -0.002167905684 0)
(1.006590554 -0.002261333211 0)
(1.011298449 -0.002451269518 0)
(1.016488433 -0.002743905038 0)
(1.022375046 -0.003148593886 0)
(1.029194751 -0.003677931046 0)
(1.037212516 -0.004347851818 0)
(1.046728612 -0.005177760424 0)
(1.058085726 -0.006190709998 0)
(1.071676526 -0.007413681094 0)
(1.087951977 -0.008878045628 0)
(1.107430896 -0.01062035173 0)
(1.130711571 -0.01268360429 0)
(1.158486609 -0.01511920867 0)
(1.19156235 -0.01798960834 0)
(1.230884205 -0.02137156824 0)
(1.277535572 -0.02532644996 0)
(1.332363975 -0.0295567823 0)
(1.397314888 -0.03545908132 0)
(1.468653766 -0.03595113539 0)
(1.549590653 -0.04506668807 0)
(1.62989174 -0.03531470061 0)
(1.695517995 -0.03037718006 0)
(1.757320038 -0.03148666512 0)
(1.789670257 -0.0008959040525 0)
(1.789675515 0.0008906408812 0)
(1.757336657 0.03148055548 0)
(1.695547796 0.03037009494 0)
(1.629938617 0.03530469318 0)
(1.549659819 0.04505438291 0)
(1.46875104 0.03593530541 0)
(1.397447475 0.03543956299 0)
(1.332539701 0.0295331186 0)
(1.277764342 0.02529701604 0)
(1.231178842 0.02133506906 0)
(1.191938784 0.01794422945 0)
(1.158964836 0.01506269248 0)
(1.131316655 0.01261313672 0)
(1.108194207 0.01053243361 0)
(1.088912722 0.008768332416 0)
(1.072883634 0.007276785255 0)
(1.059600174 0.006019958125 0)
(1.048626293 0.004964896622 0)
(1.039587758 0.004082677217 0)
(1.032164637 0.003347866664 0)
(1.026084697 0.002738153009 0)
(1.021117451 0.002234060156 0)
(1.017068743 0.00181869645 0)
(1.013775825 0.00147751434 0)
(1.011102911 0.001198072604 0)
(1.008937202 0.0009698024464 0)
(1.007185369 0.0007837822964 0)
(1.005770477 0.0006325247045 0)
(1.004629315 0.000509778118 0)
(1.003710108 0.0004103480537 0)
(1.002970563 0.000329936853 0)
(1.002376218 0.0002650023136 0)
(1.001899058 0.0002126351291 0)
(1.001516352 0.0001704531297 0)
(1.001209695 0.0001365107817 0)
(1.000964207 0.0001092232162 0)
(1.000767878 8.730187902e-05 0)
(1.000611032 6.970096741e-05 0)
(1.000485883 5.557303396e-05 0)
(1.000386178 4.423195401e-05 0)
(1.000306903 3.512258018e-05 0)
(1.000244048 2.779516826e-05 0)
(1.000194416 2.188562886e-05 0)
(1.000155472 1.709815255e-05 0)
(1.000125213 1.319113088e-05 0)
(1.000102078 9.966596313e-06 0)
(1.000084869 7.259574705e-06 0)
(1.000072691 4.930548187e-06 0)
(1.000064909 2.858915683e-06 0)
(1.000061118 9.366464427e-07 0)
(1.002048424 -0.006386284175 0)
(1.006235256 -0.006663212194 0)
(1.0106952 -0.007226397196 0)
(1.015620926 -0.008094603052 0)
(1.021221164 -0.00929623384 0)
(1.02772747 -0.01086962794 0)
(1.035401295 -0.01286343638 0)
(1.044541464 -0.01533709715 0)
(1.05549213 -0.01836146086 0)
(1.06865135 -0.02201970083 0)
(1.084480537 -0.02640876862 0)
(1.103515319 -0.03164184297 0)
(1.126378841 -0.03785245407 0)
(1.153799455 -0.04520120702 0)
(1.186636539 -0.05388634756 0)
(1.225922527 -0.06416127965 0)
(1.272847157 -0.07620631143 0)
(1.328698158 -0.08946700485 0)
(1.395918621 -0.1078524058 0)
(1.469803714 -0.1089270065 0)
(1.553464539 -0.1368531259 0)
(1.636907739 -0.107436295 0)
(1.706653982 -0.09376345546 0)
(1.772403157 -0.09577915868 0)
(1.80710975 -0.003727279206 -1.74018339e-34)
(1.807114287 0.003712211258 -1.740187759e-34)
(1.772417642 0.09576152254 0)
(1.706680163 0.09374299468 0)
(1.636949554 0.1074069219 0)
(1.553527156 0.1368170505 0)
(1.469892781 0.1088803351 0)
(1.396041099 0.1077949352 0)
(1.328861223 0.0893974845 0)
(1.273059984 0.0761198248 0)
(1.226197146 0.06405404588 0)
(1.186987865 0.05375304159 0)
(1.154246216 0.04503519278 0)
(1.126944527 0.03764545693 0)
(1.104229354 0.03138357185 0)
(1.085379719 0.02608644406 0)
(1.069781637 0.02161747147 0)
(1.056910838 0.01785968596 0)
(1.046319982 0.01471147026 0)
(1.037628433 0.01208391774 0)
(1.030513569 0.009899148376 0)
(1.024703141 0.008089129299 0)
(1.019968441 0.006594731762 0)
(1.016118186 0.005364886887 0)
(1.012993066 0.004355780546 0)
(1.010460921 0.003530070194 0)
(1.00841252 0.002856129069 0)
(1.006757886 0.002307329157 0)
(1.005423133 0.00186137262 0)
(1.004347762 0.001499678923 0)
(1.003482366 0.001206835171 0)
(1.002786689 0.0009701075047 0)
(1.002228005 0.0007790137436 0)
(1.00177976 0.0006249541596 0)
(1.001420448 0.000500893449 0)
(1.001132679 0.0004010908032 0)
(1.000902414 0.0003208727897 0)
(1.000718333 0.0002564421163 0)
(1.000571325 0.0002047186476 0)
(1.000454065 0.0001632073667 0)
(1.000360672 0.0001298889718 0)
(1.000286436 0.000103129904 0)
(1.000227592 8.160802603e-05 0)
(1.00018114 6.425256093e-05 0)
(1.000144698 5.01937583e-05 0)
(1.000116389 3.872206259e-05 0)
(1.000094749 2.92550074e-05 0)
(1.000078654 2.130800007e-05 0)
(1.000067266 1.447129407e-05 0)
(1.000059991 8.390668218e-06 0)
(1.000056446 2.748973474e-06 0)
(1.001817066 -0.01025563989 0)
(1.005534208 -0.01070573391 0)
(1.009503665 -0.01162170632 0)
(1.013904694 -0.01303537511 0)
(1.018933444 -0.01499507937 0)
(1.024810366 -0.01756639347 0)
(1.031788277 -0.02083305873 0)
(1.040161259 -0.02489813806 0)
(1.050274562 -0.02988545376 0)
(1.062535701 -0.0359414873 0)
(1.077426966 -0.04323815516 0)
(1.095519919 -0.05197731877 0)
(1.117493188 -0.06239860512 0)
(1.144156672 -0.07479323933 0)
(1.176489249 -0.08952914502 0)
(1.215707276 -0.1071010011 0)
(1.263167386 -0.1277457148 0)
(1.32116335 -0.1518884132 0)
(1.392981096 -0.1846082447 0)
(1.47206829 -0.1852964275 0)
(1.56124722 -0.2334962994 0)
(1.651571708 -0.184734577 0)
(1.729891323 -0.1646790973 0)
(1.802848871 -0.1637089456 0)
(1.841838777 -0.009567688444 0)
(1.841841893 0.009544959939 0)
(1.802859153 0.1636818379 0)
(1.729910383 0.1646476147 0)
(1.651603597 0.1846877351 0)
(1.561297046 0.2334389144 0)
(1.472141388 0.1852212944 0)
(1.393083968 0.1845159868 0)
(1.321301891 0.1517773481 0)
(1.26334933 0.1276075149 0)
(1.215943111 0.1069296811 0)
(1.176791927 0.08931623214 0)
(1.14454245 0.07452811908 0)
(1.117982496 0.06206803626 0)
(1.096138393 0.05156482782 0)
(1.078206719 0.0427232777 0)
(1.063516899 0.03529882793 0)
(1.051507379 0.02908352878 0)
(1.041708295 0.02389795785 0)
(1.03372755 0.0195863961 0)
(1.027239009 0.0160136779 0)
(1.021972268 0.01306284607 0)
(1.017703801 0.01063318477 0)
(1.01424935 0.008638445007 0)
(1.011457419 0.007005190998 0)
(1.009203759 0.005671250163 0)
(1.007386704 0.00458427085 0)
(1.005923248 0.003700395567 0)
(1.004745763 0.002983056596 0)
(1.003799253 0.00240189669 0)
(1.003039078 0.001931814513 0)
(1.002429059 0.001552129799 0)
(1.001939922 0.001245860576 0)
(1.001548011 0.0009991036178 0)
(1.001234234 0.0008005056636 0)
(1.000983203 0.0006408172277 0)
(1.000782527 0.0005125190534 0)
(1.000622239 0.0004095088339 0)
(1.000494332 0.0003268415968 0)
(1.000392381 0.0002605153402 0)
(1.000311236 0.0002072935945 0)
(1.000246776 0.0001645595866 0)
(1.00019571 0.0001301971685 0)
(1.00015542 0.0001024928854 0)
(1.000123828 8.005570575e-05 0)
(1.000099299 6.175156783e-05 0)
(1.000080556 4.664883311e-05 0)
(1.000066621 3.397343688e-05 0)
(1.000056765 2.307126082e-05 0)
(1.000050468 1.337631545e-05 0)
(1.000047401 4.38225452e-06 0)
(1.001478751 -0.01355475255 0)
(1.004508214 -0.01415997241 0)
(1.007756902 -0.01539283114 0)
(1.011382252 -0.01729865659 0)
(1.015559164 -0.01994666515 0)
(1.020488071 -0.02343144294 0)
(1.026404215 -0.02787495813 0)
(1.033588617 -0.03342917958 0)
(1.042381454 -0.04027945889 0)
(1.053198719 -0.04864896397 0)
(1.066553144 -0.05880461487 0)
(1.083079908 -0.07106519554 0)
(1.103566421 -0.08581296909 0)
(1.128984812 -0.1035128334 0)
(1.16053099 -0.1247521842 0)
(1.199693595 -0.1503369741 0)
(1.247920692 -0.1802926358 0)
(1.30928132 -0.2188174416 0)
(1.388057824 -0.2684240608 0)
(1.47530446 -0.2679807754 0)
(1.57333844 -0.338212075 0)
(1.67548595 -0.2726832702 0)
(1.767254517 -0.2469886748 0)
(1.84915456 -0.236411816 0)
(1.893166939 -0.01995010579 0)
(1.89316797 0.01992322569 0)
(1.849158689 0.2363785851 0)
(1.767263173 0.246949999 0)
(1.675503422 0.2726219544 0)
(1.573369819 0.3381372879 0)
(1.475354674 0.2678808953 0)
(1.388132757 0.2683020025 0)
(1.309385008 0.2186716876 0)
(1.248058748 0.1801112756 0)
(1.199874299 0.1501121786 0)
(1.160764515 0.1244729644 0)
(1.129283875 0.1031652338 0)
(1.103947074 0.0853795737 0)
(1.083562367 0.07052432939 0)
(1.067162809 0.05812933884 0)
(1.053967454 0.04780582679 0)
(1.043349174 0.03922695694 0)
(1.034805268 0.03211586307 0)
(1.027932246 0.02623711199 0)
(1.022405508 0.02139025637 0)
(1.017963439 0.01740478674 0)
(1.014394971 0.01413601568 0)
(1.011529766 0.01146158926 0)
(1.009230386 0.009278449297 0)
(1.007385985 0.007500150385 0)
(1.005907226 0.006054481657 0)
(1.00472215 0.004881364986 0)
(1.003772842 0.00393100706 0)
(1.003012718 0.003162286518 0)
(1.002404331 0.002541355518 0)
(1.001917597 0.002040438222 0)
(1.001528359 0.001636805051 0)
(1.00121723 0.001311902556 0)
(1.000968656 0.001050619957 0)
(1.000770165 0.0008406749351 0)
(1.00061176 0.0006721022303 0)
(1.000485431 0.0005368285257 0)
(1.000384767 0.0004283210207 0)
(1.000304637 0.0003412994064 0)
(1.000240938 0.0002714983096 0)
(1.000190396 0.0002154719391 0)
(1.000150401 0.0001704362029 0)
(1.000118878 0.0001341385548 0)
(1.000094185 0.0001047512821 0)
(1.00007503 8.07848992e-05 0)
(1.000060405 6.101652177e-05 0)
(1.00004954 4.443043703e-05 0)
(1.000041859 3.01689909e-05 0)
(1.000036955 1.748993046e-05 0)
(1.000034567 5.729573308e-06 0)
(1.001045334 -0.01608136201 0)
(1.003192394 -0.01681506194 0)
(1.005511824 -0.01831142754 0)
(1.00812938 -0.02062920963 0)
(1.011187723 -0.02385860277 0)
(1.0148545 -0.02812378528 0)
(1.019331755 -0.03358640771 0)
(1.024867039 -0.04045013565 0)
(1.031766424 -0.04896641748 0)
(1.040409525 -0.05944183071 0)
(1.051267048 -0.072247908 0)
(1.064924054 -0.08783585662 0)
(1.082119847 -0.1067622963 0)
(1.103830585 -0.1297397646 0)
(1.13143772 -0.157737719 0)
(1.167019447 -0.1921705155 0)
(1.212893961 -0.2326548067 0)
(1.277809767 -0.2928579812 0)
(1.369277503 -0.3647980058 0)
(1.477336843 -0.3671081121 0)
(1.603265176 -0.4632710138 0)
(1.74166777 -0.3873835198 5.853694905e-21)
(1.919764441 -0.3492508341 0)
(1.967408048 -0.31386864 0)
(2.119219493 -0.03239204622 -8.611472055e-23)
(2.119216856 0.03236562065 -8.615927728e-23)
(1.967397717 0.3138320281 0)
(1.919749867 0.3492101732 0)
(1.741655083 0.3873081568 -5.853540684e-21)
(1.603266282 0.4631819278 0)
(1.477354652 0.3669869571 0)
(1.36931591 0.3646518611 0)
(1.277869574 0.2926861076 0)
(1.21297752 0.2324413882 0)
(1.167132 0.1919060648 0)
(1.131585894 0.1574096252 0)
(1.104022615 0.1293315355 0)
(1.082366309 0.1062533723 0)
(1.065238404 0.08720065531 0)
(1.051666322 0.07145462397 0)
(1.040915221 0.05845094363 0)
(1.032405622 0.0477288467 0)
(1.025673813 0.03890496451 0)
(1.020348958 0.03165808579 0)
(1.01613602 0.0257186982 0)
(1.012801336 0.02086087498 0)
(1.010160357 0.01689558341 0)
(1.008067508 0.01366503349 0)
(1.006407988 0.01103786354 0)
(1.005091261 0.008905025217 0)
(1.004045893 0.007176258881 0)
(1.003215496 0.005777075765 0)
(1.00255553 0.004646179153 0)
(1.002030788 0.003733266367 0)
(1.001613413 0.002997163052 0)
(1.00128135 0.002404246957 0)
(1.001017114 0.001927122631 0)
(1.000806838 0.00154351196 0)
(1.000639507 0.001235330663 0)
(1.000506373 0.0009879217851 0)
(1.000400476 0.0007894223984 0)
(1.00031628 0.0006302428849 0)
(1.00024938 0.0005026379298 0)
(1.000196269 0.0004003567323 0)
(1.000154158 0.0003183569292 0)
(1.000120827 0.0002525700776 0)
(1.000094514 0.0001997123117 0)
(1.000073823 0.0001571290335 0)
(1.000057649 0.0001226679189 0)
(1.000045129 9.45760776e-05 0)
(1.000035588 7.14152653e-05 0)
(1.000028511 5.199157653e-05 0)
(1.000023515 3.52971603e-05 0)
(1.000020328 2.046037314e-05 0)
(1.000018777 6.702243747e-06 0)
(1.000534459 -0.01766273491 0)
(1.001639503 -0.01848904482 0)
(1.002855706 -0.02017661322 0)
(1.004266642 -0.02279654417 0)
(1.005970826 -0.02645855881 0)
(1.008089252 -0.03131481774 0)
(1.010774763 -0.03756530338 0)
(1.014224374 -0.04546512007 0)
(1.018696546 -0.05533436164 0)
(1.024536841 -0.06757176471 0)
(1.032217292 -0.0826744861 0)
(1.042395679 -0.1012685069 0)
(1.055997252 -0.1241578104 0)
(1.0743069 -0.152404657 0)
(1.099027797 -0.1874531866 0)
(1.132217674 -0.2312954234 0)
(1.174820379 -0.2820955944 0)
(1.237628679 -0.3712690233 0)
(1.325399805 -0.4658050656 0)
(1.418072202 -0.4729239592 6.999443586e-21)
(1.52885664 -0.6003209896 0)
(1.810576187 -0.4975890498 -6.231234815e-21)
(0 0 0)
(0 0 0)
(0 0 0)
(0 0 0)
(0 0 0)
(0 0 0)
(1.810546948 0.4975219751 6.231043374e-21)
(1.528820025 0.600218968 4.747492013e-21)
(1.418058621 0.4727731458 6.731399e-21)
(1.325394057 0.4656399921 0)
(1.237637339 0.3710802336 0)
(1.174841501 0.2818628414 0)
(1.132252785 0.2310072825 0)
(1.099079424 0.1870965938 0)
(1.074378062 0.1519614726 0)
(1.056092222 0.1236055236 0)
(1.042520177 0.1005791542 0)
(1.032378786 0.08181331158 0)
(1.024744966 0.06649556168 0)
(1.018963665 0.05398941936 0)
(1.014566309 0.04378468652 0)
(1.011211755 0.0354664522 0)
(1.008647215 0.0286945871 0)
(1.006682984 0.02318919994 0)
(1.005175686 0.01871968306 0)
(1.004016627 0.01509609407 0)
(1.003123328 0.0121621737 0)
(1.002433186 0.009789592205 0)
(1.001898663 0.007873162379 0)
(1.001483637 0.006326840729 0)
(1.001160614 0.005080385474 0)
(1.000908629 0.004076564631 0)
(1.000711652 0.003268830519 0)
(1.000557393 0.002619388493 0)
(1.000436398 0.00209759674 0)
(1.000341372 0.001678646008 0)
(1.000266666 0.001342474513 0)
(1.000207894 0.001072876508 0)
(1.000161638 0.0008567731955 0)
(1.000125229 0.0006836179089 0)
(1.000096576 0.0005449109422 0)
(1.000074041 0.000433805032 0)
(1.000056336 0.0003447849972 0)
(1.000042448 0.000273407876 0)
(1.000031581 0.000216091205 0)
(1.000023111 0.0001699416995 0)
(1.000016546 0.0001326159764 0)
(1.000011505 0.000102206979 0)
(1.000007693 7.715097281e-05 0)
(1.000004884 5.615092209e-05 0)
(1.000002913 3.811227024e-05 0)
(1.000001661 2.20886176e-05 0)
(1.000001053 7.234991898e-06 0)
(0.9999701572 -0.01816785548 0)
(0.9999218151 -0.01904168294 0)
(0.9999095663 -0.02082913305 0)
(0.9999645986 -0.02361145877 0)
(1.000129694 -0.02751479323 0)
(1.000465778 -0.03271554798 0)
(1.001060589 -0.03944817526 0)
(1.00204025 -0.04801594983 0)
(1.003584402 -0.05880587185 0)
(1.005945186 -0.07230953382 0)
(1.009469639 -0.08915282585 0)
(1.01462386 -0.1101381082 0)
(1.022014105 -0.1363010194 0)
(1.032391449 -0.1689771271 0)
(1.046610962 -0.2098600674 0)
(1.065502648 -0.2610221867 0)
(1.088367428 -0.317901783 0)
(1.131366967 -0.4413764818 0)
(1.195066624 -0.5588939955 0)
(1.269899236 -0.6640302923 -4.732854644e-21)
(1.461130088 -0.7521587939 -4.254053744e-21)
(0 0 0)
(0 0 0)
(0 0 0)
(0 0 0)
(0 0 0)
(0 0 0)
(0 0 0)
(0 0 0)
(1.46106889 0.7520404742 -4.254799616e-21)
(1.269841397 0.6638884551 4.73239353e-21)
(1.195022747 0.5587074131 0)
(1.131322665 0.4411803533 0)
(1.088323559 0.3176634604 0)
(1.065456925 0.26072747 0)
(1.046561734 0.2094970258 0)
(1.032336142 0.1685269219 0)
(1.021950259 0.1357404688 0)
(1.014548959 0.1094385284 0)
(1.009380976 0.08827862028 0)
(1.005839767 0.07121645722 0)
(1.003458871 0.0574388833 0)
(1.001890859 0.04630655558 0)
(1.000883222 0.03731113679 0)
(1.000256053 0.03004480297 0)
(0.9998831993 0.02417840531 0)
(0.9996773208 0.01944536722 0)
(0.9995786222 0.01562942495 0)
(0.9995466413 0.01255504784 0)
(0.9995543762 0.01007980851 0)
(0.9995841227 0.008088226664 0)
(0.9996245375 0.006486762449 0)
(0.9996685755 0.005199727417 0)
(0.999712052 0.004165939775 0)
(0.9997526503 0.003335990366 0)
(0.9997892443 0.002670011422 0)
(0.9998214442 0.002135857738 0)
(0.9998492949 0.001707627739 0)
(0.999873081 0.001364463365 0)
(0.9998932028 0.001089576552 0)
(0.9999101005 0.0008694608136 0)
(0.9999242093 0.0006932532811 0)
(0.9999359346 0.0005522198428 0)
(0.9999456403 0.0004393383672 0)
(0.9999536447 0.0003489622357 0)
(0.9999602209 0.0002765495115 0)
(0.9999656 0.00021844251 0)
(0.9999699749 0.0001716903785 0)
(0.9999735044 0.0001339056003 0)
(0.9999763179 0.0001031468518 0)
(0.9999785192 7.78235809e-05 0)
(0.9999801898 5.66173945e-05 0)
(0.9999813914 3.841647923e-05 0)
(0.9999821686 2.225991585e-05 0)
(0.9999825501 7.290227353e-06 0)
(0.9993830246 -0.01752039047 0)
(0.9981314681 -0.01838794939 0)
(0.9968278179 -0.02016565165 0)
(0.9954398819 -0.02294070369 0)
(0.9939396908 -0.02684911734 0)
(0.9923059739 -0.03208229328 0)
(0.9905273964 -0.03889648014 0)
(0.9886069484 -0.04762591696 0)
(0.9865682433 -0.0587008569 0)
(0.9844645069 -0.07267185324 0)
(0.9823891068 -0.09024100822 0)
(0.9804800965 -0.1122983822 0)
(0.9789003004 -0.1399570046 0)
(0.9777675585 -0.1745749884 0)
(0.9770266238 -0.2177542635 0)
(0.9763072358 -0.2713184605 0)
(0.9741116105 -0.328295333 0)
(0.9938080897 -0.4937416462 0)
(1.027940069 -0.6387137246 9.488853121e-21)
(0 0 0)
(0 0 0)
(0 0 0)
(0 0 0)
(0 0 0)
(0 0 0)
(0 0 0)
(0 0 0)
(0 0 0)
(0 0 0)
(0 0 0)
(0 0 0)
(1.027859557 0.6385321914 1.67526613e-21)
(0.9937140195 0.4935484497 0)
(0.9740050961 0.3280661019 0)
(0.9761825434 0.2710347048 0)
(0.976878433 0.2174072913 0)
(0.9775879071 0.1741462902 0)
(0.9786801143 0.1394240697 0)
(0.9802086835 0.1116335316 0)
(0.9820536096 0.0894099965 0)
(0.9840492856 0.07163215978 0)
(0.9860541627 0.0573995757 0)
(0.987970547 0.04599714231 0)
(0.9897399143 0.03685805838 0)
(0.9913322193 0.02953177999 0)
(0.9927367282 0.02365874112 0)
(0.9939555376 0.0189510876 0)
(0.9949990139 0.01517798215 0)
(0.9958824281 0.01215420595 0)
(0.9966234394 0.009731155446 0)
(0.997240284 0.007789642034 0)
(0.9977505655 0.006234100091 0)
(0.9981705316 0.004987921597 0)
(0.9985147121 0.003989700969 0)
(0.9987958032 0.003190218143 0)
(0.9990247094 0.002550017882 0)
(0.9992106734 0.002037469265 0)
(0.9993614488 0.00162721141 0)
(0.9994834879 0.001298908773 0)
(0.9995821246 0.001036253903 0)
(0.9996617453 0.0008261684932 0)
(0.999725941 0.0006581627764 0)
(0.9997776405 0.0005238221758 0)
(0.9998192244 0.0004163951138 0)
(0.999852622 0.0003304620585 0)
(0.9998793921 0.0002616700755 0)
(0.9999007897 0.0002065184017 0)
(0.9999178218 0.0001621861597 0)
(0.9999312918 0.0001263933228 0)
(0.9999418363 9.728770267e-05 0)
(0.9999499543 7.335308235e-05 0)
(0.9999560303 5.333369905e-05 0)
(0.9999603519 3.61713208e-05 0)
(0.9999631241 2.095211158e-05 0)
(0.9999644782 6.860790631e-06 0)
(0.9988109219 -0.01571253094 0)
(0.996383657 -0.01651330859 0)
(0.9938081947 -0.01815730089 0)
(0.9909830685 -0.02073177919 0)
(0.9878036241 -0.02437372675 0)
(0.9841622673 -0.02927733514 0)
(0.9799496451 -0.03570424733 0)
(0.9750553096 -0.04399655143 0)
(0.9693637423 -0.05459221976 0)
(0.9627378692 -0.06804215134 0)
(0.9549796749 -0.08502728216 0)
(0.9457615853 -0.1063738814 0)
(0.934539062 -0.1330663837 0)
(0.9204826327 -0.1662612489 0)
(0.9024843851 -0.2073100816 0)
(0.8792574397 -0.2577923627 0)
(0.8501186796 -0.310455711 0)
(0.8251490623 -0.5471590229 -3.212663185e-21)
(0.9161021925 -0.7057948654 0)
(0 0 0)
(0 0 0)
(0 0 0)
(0 0 0)
(0 0 0)
(0 0 0)
(0 0 0)
(0 0 0)
(0 0 0)
(0 0 0)
(0 0 0)
(0 0 0)
(0.9159958426 0.7056280252 0)
(0.8250541303 0.5469692383 -2.920298178e-21)
(0.8499739121 0.3102543847 0)
(0.8790723712 0.2575392397 0)
(0.9022527743 0.2070025873 0)
(0.9201931261 0.1658825185 0)
(0.9341775631 0.1325961207 0)
(0.9453105452 0.1057872678 0)
(0.9544172422 0.08429368554 0)
(0.9620368612 0.06712356043 0)
(0.9684903795 0.05344132125 0)
(0.9739676534 0.04255434492 0)
(0.9785956735 0.03389707108 0)
(0.9824775152 0.02701314638 0)
(0.9857083054 0.02153744031 0)
(0.9883785809 0.01717941446 0)
(0.9905729016 0.01370862056 0)
(0.9923678325 0.01094254406 0)
(0.9938307566 0.00873667799 0)
(0.9950196701 0.006976555716 0)
(0.9959836767 0.005571423972 0)
(0.9967638592 0.004449248954 0)
(0.9973942917 0.00355278601 0)
(0.9979030543 0.002836489569 0)
(0.9983131733 0.002264082139 0)
(0.9986434586 0.001806639484 0)
(0.9989092279 0.001441079898 0)
(0.9991229234 0.001148970081 0)
(0.9992946296 0.0009155793603 0)
(0.9994325051 0.0007291292678 0)
(0.9995431396 0.0005801970332 0)
(0.9996318468 0.0004612407891 0)
(0.9997029059 0.0003662208953 0)
(0.9997597567 0.0002902975604 0)
(0.9998051599 0.0002295891618 0)
(0.9998413258 0.0001809781635 0)
(0.9998700189 0.0001419555318 0)
(0.9998926413 0.0001104954756 0)
(0.9999103001 8.495403942e-05 0)
(0.9999238603 6.398680768e-05 0)
(0.9999339868 4.648130718e-05 0)
(0.9999411765 3.150088411e-05 0)
(0.9999457821 1.823739147e-05 0)
(0.9999480297 5.970264981e-06 0)
(0.9982972535 -0.01281781456 0)
(0.9948100217 -0.01348761368 0)
(0.9910735529 -0.01486475285 0)
(0.9869080097 -0.01702666714 0)
(0.9821120478 -0.02009545714 0)
(0.9764522413 -0.02424514032 0)
(0.9696507154 -0.02971127988 0)
(0.9613711649 -0.0368024589 0)
(0.9512045836 -0.04591230556 0)
(0.9386574341 -0.05752986994 0)
(0.9231451331 -0.0722457977 0)
(0.903989371 -0.09075314033 0)
(0.8804048743 -0.1138452977 0)
(0.8514385209 -0.1424165294 0)
(0.8157995023 -0.1774638977 0)
(0.7715184878 -0.2200630787 0)
(0.7186715137 -0.2661172751 0)
(0.6561152106 -0.4440426908 3.12975861e-21)
(0 0 0)
(0 0 0)
(0 0 0)
(0 0 0)
(0 0 0)
(0 0 0)
(0 0 0)
(0 0 0)
(0 0 0)
(0 0 0)
(0 0 0)
(0 0 0)
(0 0 0)
(0 0 0)
(0.6559680369 0.4439013906 3.129154366e-21)
(0.7184832466 0.265961653 0)
(0.771276377 0.2198584903 0)
(0.815494817 0.1772170948 0)
(0.8510554593 0.1421135159 0)
(0.8799239341 0.1134693586 0)
(0.9033864334 0.09028395307 0)
(0.9223902623 0.07165836383 0)
(0.9377133667 0.05679321596 0)
(0.9500248645 0.04498788454 0)
(0.959897855 0.03564216699 0)
(0.9678115636 0.02825497866 0)
(0.9741571845 0.02241754864 0)
(0.9792488703 0.01780223963 0)
(0.9833369546 0.01414949696 0)
(0.9866206305 0.01125506342 0)
(0.9892586983 0.0089586695 0)
(0.9913781218 0.007134622638 0)
(0.9930806741 0.005684253798 0)
(0.9944480861 0.004529975867 0)
(0.9955460658 0.003610656772 0)
(0.996427469 0.002878030572 0)
(0.9971348204 0.002293914924 0)
(0.9977023306 0.001828049881 0)
(0.9981575162 0.001456415342 0)
(0.998522503 0.001159917211 0)
(0.9988150758 0.0009233582803 0)
(0.9990495247 0.0007346299427 0)
(0.9992373266 0.0005840754682 0)
(0.9993876949 0.0004639871082 0)
(0.9995080213 0.000368208081 0)
(0.9996042318 0.0002918167947 0)
(0.9996810732 0.0002308757379 0)
(0.9997423428 0.0001822314824 0)
(0.999791073 0.0001433547787 0)
(0.9998296789 0.0001122126809 0)
(0.999860076 8.716577868e-05 0)
(0.9998837744 6.688527883e-05 0)
(0.9999019521 5.02858254e-05 0)
(0.9999155138 3.647035957e-05 0)
(0.9999251347 2.468448336e-05 0)
(0.9999312941 1.427805828e-05 0)
(0.9999342989 4.671926719e-06 0)
(0.9978922181 -0.009003475636 0)
(0.9935684667 -0.009483158434 0)
(0.988913881 -0.0104697625 0)
(0.9836865313 -0.01201937177 0)
(0.9776107751 -0.01422016265 0)
(0.9703603966 -0.01719733963 0)
(0.9615382623 -0.02111979669 0)
(0.9506515555 -0.02620851855 0)
(0.9370823454 -0.03274671875 0)
(0.9200552414 -0.04109162895 0)
(0.8986077068 -0.05168724319 0)
(0.8715729303 -0.06507496578 0)
(0.8375847396 -0.0818932122 0)
(0.7951009648 -0.1028470365 0)
(0.742414328 -0.1286194095 0)
(0.6775964319 -0.1596995573 0)
(0.5942780707 -0.2117481694 3.669679772e-21)
(0.5518588542 -0.3585085506 -2.939717384e-21)
(0 0 0)
(0 0 0)
(0 0 0)
(0 0 0)
(0 0 0)
(0 0 0)
(0 0 0)
(0 0 0)
(0 0 0)
(0 0 0)
(0 0 0)
(0 0 0)
(0 0 0)
(0 0 0)
(0.5517286092 0.3583902245 -2.93908559e-21)
(0.5940888334 0.2116597092 3.668539032e-21)
(0.6773326455 0.1595609409 0)
(0.7420673139 0.1284525828 0)
(0.7946544837 0.102642068 0)
(0.8370173186 0.08163826549 0)
(0.8708568632 0.06475570017 0)
(0.8977077299 0.05128606641 0)
(0.9189268242 0.0405867725 0)
(0.9356695081 0.0321110921 0)
(0.9488841044 0.02540828501 0)
(0.9593283049 0.02011259371 0)
(0.967597958 0.01593004431 0)
(0.97415829 0.0126260742 0)
(0.9793719198 0.01001464656 0)
(0.9835218337 0.007948890331 0)
(0.986829455 0.006313207856 0)
(0.989468598 0.00501675928 0)
(0.9915761656 0.003988187089 0)
(0.9932603343 0.003171410349 0)
(0.9946068252 0.002522307203 0)
(0.9956837281 0.002006115707 0)
(0.9965452326 0.001595404974 0)
(0.9972345318 0.001268493637 0)
(0.9977860936 0.001008217371 0)
(0.9982274483 0.0008009673878 0)
(0.998580599 0.0006359389266 0)
(0.9988631396 0.0005045428716 0)
(0.9990891424 0.0003999438892 0)
(0.9992698648 0.0003166969455 0)
(0.9994143113 0.0002504606351 0)
(0.9995296829 0.0001977705101 0)
(0.9996217352 0.0001558594145 0)
(0.9996950641 0.0001225147574 0)
(0.9997533336 9.596472403e-05 0)
(0.9997994583 7.4787491e-05 0)
(0.999835747 5.783838582e-05 0)
(0.9998640181 4.419125391e-05 0)
(0.9998856894 3.309100562e-05 0)
(0.9999018483 2.391478804e-05 0)
(0.9999133065 1.613988346e-05 0)
(0.9999206396 9.316678866e-06 0)
(0.9999242163 3.045299659e-06 0)
(0.9976360742 -0.0045272962 0)
(0.9927841616 -0.004774498237 0)
(0.9875528787 -0.005282668144 0)
(0.9816649269 -0.006080049431 0)
(0.9748049969 -0.007210863115 0)
(0.9666019881 -0.008737798378 0)
(0.9566095079 -0.01074590888 0)
(0.9442856238 -0.0133486049 0)
(0.9289736543 -0.01669657159 0)
(0.9098850369 -0.02098993901 0)
(0.8860809015 -0.02649201146 0)
(0.8564406267 -0.03353847115 0)
(0.8195993198 -0.04252937965 0)
(0.7738457054 -0.05388524255 0)
(0.7170096189 -0.06794895747 0)
(0.6464229375 -0.08483002723 0)
(0.5568678302 -0.1279105952 0)
(0.3799038153 -0.1750640772 1.208526007e-21)
(0 0 0)
(0 0 0)
(0 0 0)
(0 0 0)
(0 0 0)
(0 0 0)
(0 0 0)
(0 0 0)
(0 0 0)
(0 0 0)
(0 0 0)
(0 0 0)
(0 0 0)
(0 0 0)
(0.3797802195 0.1750244512 1.208125931e-21)
(0.556664067 0.1278670427 1.822057172e-21)
(0.6461352231 0.08477170844 0)
(0.716630098 0.06787704244 0)
(0.773356385 0.05379483804 0)
(0.8189764588 0.04241460378 0)
(0.8556535933 0.03339216612 0)
(0.8850906733 0.02630536581 0)
(0.9086422706 0.02075201076 0)
(0.9274162292 0.01639369475 0)
(0.9423355297 0.0129636516 0)
(0.954168912 0.01025736679 0)
(0.9635482701 0.008118611117 0)
(0.9709844827 0.006426966197 0)
(0.9768849771 0.005088516263 0)
(0.9815718893 0.004029357614 0)
(0.9852989069 0.003191066997 0)
(0.9882656535 0.002527404803 0)
(0.9906293586 0.002001797503 0)
(0.992514071 0.001585349939 0)
(0.9940178442 0.001255253315 0)
(0.9952183245 0.0009935090195 0)
(0.9961771005 0.0007859107845 0)
(0.996943096 0.0006212378636 0)
(0.9975552247 0.0004906189519 0)
(0.9980444728 0.000387032428 0)
(0.9984355374 0.0003049143414 0)
(0.9987481182 0.0002398510093 0)
(0.9989979375 0.0001883376872 0)
(0.9991975491 0.0001475889402 0)
(0.9993569781 0.0001153892789 0)
(0.9994842304 8.997522429e-05 0)
(0.9995856972 6.994207205e-05 0)
(0.9996664764 5.416994165e-05 0)
(0.9997306291 4.176493905e-05 0)
(0.9997813825 3.201231426e-05 0)
(0.9998212922 2.433896461e-05 0)
(0.9998523691 1.828325316e-05 0)
(0.9998761807 1.347069424e-05 0)
(0.9998939288 9.594140356e-06 0)
(0.9999065098 6.397302196e-06 0)
(0.9999145596 3.660983798e-06 0)
(0.9999184852 1.191243213e-06 0)
(0.9975511462 0.0002902961769 0)
(0.9925251972 0.0002956488711 0)
(0.9871076887 0.0003066249331 0)
(0.9810144861 0.0003237930157 0)
(0.9739255864 0.0003480729048 0)
(0.9654677119 0.0003808098653 0)
(0.9551920821 0.0004238609536 0)
(0.9425428899 0.0004796746489 0)
(0.9268097285 0.0005513249284 0)
(0.9070569303 0.0006424214627 0)
(0.8820287702 0.0007567558376 0)
(0.8500459056 0.0008975241668 0)
(0.8089335028 0.001066288423 0)
(0.7560415678 0.001263284373 0)
(0.6884103353 0.001494301802 0)
(0.6030850682 0.001794573973 0)
(0.4882046897 0.05071053489 -4.867862084e-22)
(0.3590010916 0.06192096089 -3.017921703e-22)
(0 0 0)
(0 0 0)
(0 0 0)
(0 0 0)
(0 0 0)
(0 0 0)
(0 0 0)
(0 0 0)
(0 0 0)
(0 0 0)
(0 0 0)
(0 0 0)
(0 0 0)
(0 0 0)
(0.3588752361 -0.06186871082 -3.016873863e-22)
(0.488021353 -0.05065909135 -3.36156545e-22)
(0.602797054 -0.001765575361 0)
(0.6880248409 -0.001464058237 0)
(0.755541324 -0.001231074132 0)
(0.8082948324 -0.001031439878 0)
(0.8492376649 -0.0008593771533 0)
(0.8810109183 -0.0007146346119 0)
(0.9057786265 -0.0005956136684 0)
(0.9252068476 -0.0004990627383 0)
(0.940534825 -0.0004211160621 0)
(0.9526776719 -0.0003580710452 0)
(0.9623200819 -0.0003067408354 0)
(0.9699856276 -0.0002645419083 0)
(0.976082616 -0.0002294558813 0)
(0.980933439 -0.0001999431986 0)
(0.9847940479 -0.0001748464269 0)
(0.9878678796 -0.0001533005131 0)
(0.9903165222 -0.0001346572882 0)
(0.992268204 -0.0001184259048 0)
(0.993824628 -0.000104228117 0)
(0.9950664619 -9.176614602e-05 0)
(0.9960577219 -8.080011735e-05 0)
(0.9968492502 -7.113251999e-05 0)
(0.9974814641 -6.259759229e-05 0)
(0.9979865247 -5.505401622e-05 0)
(0.9983900461 -4.837984247e-05 0)
(0.9987124444 -4.246879227e-05 0)
(0.9989700028 -3.722767307e-05 0)
(0.9991757145 -3.257427641e-05 0)
(0.9993399501 -2.843575968e-05 0)
(0.9994709871 -2.474738503e-05 0)
(0.9995754304 -2.145138459e-05 0)
(0.9996585467 -1.849599992e-05 0)
(0.9997245296 -1.583474429e-05 0)
(0.9997767109 -1.342566731e-05 0)
(0.9998177279 -1.123065653e-05 0)
(0.9998496558 -9.214922413e-06 0)
(0.9998741112 -7.346437045e-06 0)
(0.9998923338 -5.59541388e-06 0)
(0.9999052481 -3.933926728e-06 0)
(0.9999135096 -2.335436538e-06 0)
(0.9999175381 -7.743442521e-07 0)
(0.9976406533 0.005103304897 0)
(0.9927982347 0.005360876095 0)
(0.9875775086 0.005890270509 0)
(0.9817020646 0.006720762715 0)
(0.9748577352 0.007898265531 0)
(0.9666748827 0.009487984924 0)
(0.9567089334 0.01157850662 0)
(0.9444201351 0.01428795744 0)
(0.9291543481 0.01777298945 0)
(0.9101258859 0.02224079865 0)
(0.8863987736 0.02796240631 0)
(0.8568537008 0.03528133911 0)
(0.8201201954 0.04460622747 0)
(0.7744621411 0.05637188467 0)
(0.7176465076 0.07095701433 0)
(0.6468964063 0.08856330525 0)
(0.5571788297 0.1327693728 -1.8218369e-21)
(0.3801644924 0.1797412183 -1.207540505e-21)
(0 0 0)
(0 0 0)
(0 0 0)
(0 0 0)
(0 0 0)
(0 0 0)
(0 0 0)
(0 0 0)
(0 0 0)
(0 0 0)
(0 0 0)
(0 0 0)
(0 0 0)
(0 0 0)
(0.3800373037 -0.1796434935 -1.207151477e-21)
(0.5569725938 -0.1326688403 0)
(0.6466091425 -0.08844813871 0)
(0.7172695535 -0.07082558097 0)
(0.7739771759 -0.056217881 0)
(0.8195032257 -0.04442247073 0)
(0.8560739348 -0.03505940142 0)
(0.8854171284 -0.02769217387 0)
(0.9088930473 -0.02190994507 0)
(0.9276082935 -0.01736634219 0)
(0.9424830016 -0.01378672468 0)
(0.9542830704 -0.01095932114 0)
(0.9636378812 -0.008721708792 0)
(0.9710561631 -0.006948485354 0)
(0.9769435646 -0.005541886662 0)
(0.9816208159 -0.0044251148 0)
(0.98534055 -0.003537598193 0)
(0.9883016386 -0.002831503975 0)
(0.9906608001 -0.002269065738 0)
(0.9925417476 -0.001820479373 0)
(0.9940423198 -0.001462227853 0)
(0.9952400274 -0.001175747463 0)
(0.9961963717 -0.0009463707056 0)
(0.9969602189 -0.0007624928087 0)
(0.9975704427 -0.000614917412 0)
(0.9980579994 -0.0004963440929 0)
(0.9984475625 -0.0004009673385 0)
(0.9987588118 -0.0003241625122 0)
(0.9990074528 -0.0002622395794 0)
(0.999206024 -0.0002122495314 0)
(0.9993645371 -0.0001718319624 0)
(0.999490986 -0.0001390945973 0)
(0.999591751 -0.0001125177887 0)
(0.9996719206 -9.08787262e-05 0)
(0.9997355472 -7.319108331e-05 0)
(0.9997858508 -5.865668884e-05 0)
(0.9998253803 -4.662670118e-05 0)
(0.9998561412 -3.657035801e-05 0)
(0.9998796963 -2.804956345e-05 0)
(0.9998972437 -2.069803335e-05 0)
(0.9999096767 -1.420398761e-05 0)
(0.9999176291 -8.295510398e-06 0)
(0.9999215064 -2.727870623e-06 0)
(0.9979008385 0.009566271596 0)
(0.9935948879 0.01005542696 0)
(0.9889599246 0.01106126468 0)
(0.9837557205 0.01264049635 0)
(0.9777090928 0.01488238002 0)
(0.9704973561 0.01791385415 0)
(0.9617281844 0.02190649348 0)
(0.9509147705 0.02708528498 0)
(0.9374457719 0.03373918227 0)
(0.9205513636 0.04223339925 0)
(0.8992701103 0.05302317967 0)
(0.8724249253 0.06666721392 0)
(0.8386156907 0.08383363529 0)
(0.7962260051 0.1052802645 0)
(0.7434243206 0.1317755698 0)
(0.6781340842 0.1639211279 0)
(0.5944398067 0.2166747955 -3.664241759e-21)
(0.5518127828 0.362939147 2.931267487e-21)
(0 0 0)
(0 0 0)
(0 0 0)
(0 0 0)
(0 0 0)
(0 0 0)
(0 0 0)
(0 0 0)
(0 0 0)
(0 0 0)
(0 0 0)
(0 0 0)
(0 0 0)
(0 0 0)
(0.5516816951 -0.3627690979 2.930725333e-21)
(0.594251865 -0.2165306305 -3.663183271e-21)
(0.6778762393 -0.1637279993 0)
(0.7430854601 -0.1315512217 0)
(0.7957897014 -0.1050135158 0)
(0.8380604896 -0.08351147075 0)
(0.8717232642 -0.06627411857 0)
(0.8983869393 -0.05254033234 0)
(0.9194424046 -0.04163770216 0)
(0.9360553266 -0.03300208148 0)
(0.9491729581 -0.02617131723 0)
(0.9595474641 -0.02077147808 0)
(0.9677681532 -0.01650262724 0)
(0.9742943009 -0.01312594095 0)
(0.979483792 -0.01045240048 0)
(0.9836161797 -0.008333049649 0)
(0.9869105663 -0.00665079807 0)
(0.9895392774 -0.005313693705 0)
(0.9916382956 -0.004249513898 0)
(0.9933152387 -0.003401479673 0)
(0.9946554891 -0.002724891051 0)
(0.9957269269 -0.00218449874 0)
(0.9965836063 -0.001752456111 0)
(0.997268627 -0.001406724231 0)
(0.9978163885 -0.001129829262 0)
(0.9982543671 -0.0009078929977 0)
(0.9986045209 -0.0007298751013 0)
(0.9988844054 -0.0005869796773 0)
(0.9991080588 -0.0004721891714 0)
(0.999286708 -0.0003798975202 0)
(0.9994293305 -0.0003056206797 0)
(0.9995431029 -0.0002457674146 0)
(0.9996337589 -0.0001974574842 0)
(0.9997058752 -0.0001583771202 0)
(0.9997630987 -0.0001266637086 0)
(0.9998083291 -0.0001008135108 0)
(0.9998438622 -7.960758799e-05 0)
(0.9998715055 -6.205203959e-05 0)
(0.9998926672 -4.732943282e-05 0)
(0.9999084274 -3.475905433e-05 0)
(0.9999195917 -2.376387617e-05 0)
(0.9999267313 -1.384268955e-05 0)
(0.9999302119 -4.545940718e-06 0)
(0.998309003 0.01336022023 0)
(0.9948456324 0.01403856883 0)
(0.9911342595 0.01543280536 0)
(0.9869964402 0.01762032118 0)
(0.9822333648 0.02072306795 0)
(0.9766163124 0.02491478413 0)
(0.9698757516 0.03043080565 0)
(0.9616888408 0.03758029793 0)
(0.9516652231 0.04676027811 0)
(0.9393310336 0.05847012988 0)
(0.9241105063 0.07332473141 0)
(0.9053027106 0.09206429593 0)
(0.8820461611 0.1155594031 0)
(0.8532537282 0.1448077974 0)
(0.8174830748 0.1809089472 0)
(0.7726935281 0.2249776134 0)
(0.7189416695 0.273482309 0)
(0.6567081527 0.4480897323 -3.124036346e-21)
(0 0 0)
(0 0 0)
(0 0 0)
(0 0 0)
(0 0 0)
(0 0 0)
(0 0 0)
(0 0 0)
(0 0 0)
(0 0 0)
(0 0 0)
(0 0 0)
(0 0 0)
(0 0 0)
(0.6565537767 -0.4479025615 -3.123493899e-21)
(0.7187562386 -0.2732746537 0)
(0.7724596657 -0.2247217385 0)
(0.8171903116 -0.1806072891 0)
(0.8528857505 -0.1444455283 0)
(0.8815834071 -0.1151188716 0)
(0.9047212434 -0.09152412929 0)
(0.9233806879 -0.07265876436 0)
(0.9384159622 -0.05764610055 0)
(0.950518858 -0.04573821667 0)
(0.9602537134 -0.03631052134 0)
(0.9680801453 -0.02885141295 0)
(0.9743707698 -0.02294851722 0)
(0.9794263549 -0.01827336557 0)
(0.9834889798 -0.01456634391 0)
(0.9867532355 -0.01162314626 0)
(0.9893755116 -0.009283280832 0)
(0.9914815393 -0.007420684465 0)
(0.9931724475 -0.005936239437 0)
(0.9945296064 -0.004751890291 0)
(0.9956184997 -0.003806053302 0)
(0.9964918264 -0.003050045776 0)
(0.9971919912 -0.002445310023 0)
(0.9977531066 -0.001961252554 0)
(0.9982026056 -0.001573558827 0)
(0.9985625413 -0.001262875528 0)
(0.9988506339 -0.001013777287 0)
(0.999081116 -0.0008139543983 0)
(0.9992654128 -0.0006535726888 0)
(0.9994126913 -0.0005247676325 0)
(0.9995303016 -0.0004212435597 0)
(0.9996241326 -0.000337955542 0)
(0.9996988981 -0.0002708562568 0)
(0.9997583659 -0.000216694033 0)
(0.9998055427 -0.0001728515948 0)
(0.999842821 -0.0001372167371 0)
(0.9998720969 -0.000108078224 0)
(0.9998948637 -8.404181688e-05 0)
(0.9999122857 -6.396198743e-05 0)
(0.9999252562 -4.688588419e-05 0)
(0.9999344413 -3.200679899e-05 0)
(0.9999403138 -1.862489581e-05 0)
(0.9999431763 -6.113153866e-06 0)
(0.9988256655 0.01622841704 0)
(0.9964275843 0.01703768527 0)
(0.9938800898 0.0186988152 0)
(0.991079753 0.02129940563 0)
(0.9879177593 0.02497697761 0)
(0.984278386 0.02992655665 0)
(0.980037873 0.03641108799 0)
(0.9750632182 0.04477474278 0)
(0.9692096882 0.05545885802 0)
(0.9623150177 0.06901963889 0)
(0.9541882666 0.08614584814 0)
(0.9445936755 0.1076739684 0)
(0.9332355002 0.1345990701 0)
(0.9197548571 0.1680834795 0)
(0.9037402925 0.2094702683 0)
(0.8847092486 0.2603007035 0)
(0.8626365028 0.3140596479 0)
(0.8559141244 0.4980170535 -2.819987213e-21)
(0.9149313165 0.7074156698 0)
(0 0 0)
(0 0 0)
(0 0 0)
(0 0 0)
(0 0 0)
(0 0 0)
(0 0 0)
(0 0 0)
(0 0 0)
(0 0 0)
(0 0 0)
(0 0 0)
(0.9148144446 -0.7072153836 0)
(0.8558225327 -0.4977766357 9.642512879e-21)
(0.8624973022 -0.3138123501 0)
(0.8845345014 -0.2600004089 0)
(0.9035232124 -0.209111695 0)
(0.919484212 -0.1676492173 0)
(0.9328973201 -0.134068058 0)
(0.9441705844 -0.1070204546 0)
(0.9536586812 -0.08533812798 0)
(0.9616521407 -0.06801849951 0)
(0.968380243 -0.05421564676 0)
(0.9740258789 -0.04322896301 0)
(0.9787413341 -0.03448740037 0)
(0.9826590026 -0.02753103097 0)
(0.9858966713 -0.02199239897 0)
(0.9885593955 -0.01757938491 0)
(0.990739976 -0.01406038622 0)
(0.9925192402 -0.01125198278 0)
(0.9939665951 -0.009008918472 0)
(0.9951409034 -0.007216087109 0)
(0.9960915746 -0.005782180617 0)
(0.9968597419 -0.004634680661 0)
(0.9974794225 -0.003715918708 0)
(0.9979785992 -0.002979977876 0)
(0.9983801916 -0.002390255188 0)
(0.9987029052 -0.001917541091 0)
(0.9989619609 -0.001538503588 0)
(0.9991697126 -0.001234489383 0)
(0.9993361653 -0.0009905740441 0)
(0.9994694063 -0.0007948083799 0)
(0.999575961 -0.0006376190048 0)
(0.9996610865 -0.0005113307095 0)
(0.999729011 -0.0004097856775 0)
(0.9997831296 -0.0003280390691 0)
(0.9998261633 -0.0002621152862 0)
(0.9998602877 -0.0002088128253 0)
(0.9998872369 -0.0001655472016 0)
(0.9999083871 -0.0001302242769 0)
(0.9999248232 -0.000101137902 0)
(0.9999373919 -7.688657934e-05 0)
(0.9999467428 -5.630493388e-05 0)
(0.9999533608 -3.84067516e-05 0)
(0.9999575901 -2.233687146e-05 0)
(0.9999596511 -7.329454756e-06 0)
(0.9994029747 0.01800154818 0)
(0.9981917445 0.0188774749 0)
(0.9969298311 0.0206722428 0)
(0.9955865131 0.02347377653 0)
(0.9941364262 0.02741929936 0)
(0.9925632294 0.03270201763 0)
(0.9908647808 0.03958052752 0)
(0.9890601114 0.04839140677 0)
(0.9871979972 0.05956555378 0)
(0.9853655642 0.07364877374 0)
(0.9836922183 0.09132661048 0)
(0.9823388001 0.1134521634 0)
(0.9814564266 0.1410736644 0)
(0.9811024003 0.1754573892 0)
(0.9811248831 0.2181044325 0)
(0.9810733523 0.2707681967 0)
(0.9795555611 0.3272062822 0)
(0.9941467755 0.4668348056 0)
(1.024644637 0.6409071531 -1.622078452e-21)
(0 0 0)
(0 0 0)
(0 0 0)
(0 0 0)
(0 0 0)
(0 0 0)
(0 0 0)
(0 0 0)
(0 0 0)
(0 0 0)
(0 0 0)
(0 0 0)
(1.024559624 -0.6406954252 -9.433915091e-21)
(0.9940536286 -0.4666028138 0)
(0.9794568246 -0.3269368691 0)
(0.9809620794 -0.2704418864 0)
(0.9809951791 -0.21771105 0)
(0.9809463269 -0.1749779219 0)
(0.9812650481 -0.1404849146 0)
(0.9821017053 -0.1127256294 0)
(0.9833969708 -0.09042709893 0)
(0.9849970735 -0.0725326843 0)
(0.9867377977 -0.05817875721 0)
(0.9884855306 -0.0466666147 0)
(0.9901479731 -0.03743402439 0)
(0.9916700519 -0.03002959395 0)
(0.9930251411 -0.02409118663 0)
(0.9942063094 -0.01932833363 0)
(0.9952191805 -0.01550808256 0)
(0.9960766343 -0.01244364116 0)
(0.9967951113 -0.009985257885 0)
(0.9973921761 -0.008012892108 0)
(0.997885009 -0.006430323236 0)
(0.9982895508 -0.005160419894 0)
(0.9986200854 -0.004141344879 0)
(0.998889102 -0.003323513201 0)
(0.999107326 -0.00266715598 0)
(0.9992838433 -0.002140370445 0)
(0.9994262705 -0.001717558598 0)
(0.9995409389 -0.001378176961 0)
(0.9996330762 -0.0011057351 0)
(0.9997069745 -0.0008869936739 0)
(0.9997661414 -0.0007113210855 0)
(0.9998134321 -0.0005701772642 0)
(0.9998511625 -0.0004566996102 0)
(0.9998812046 -0.0003653700366 0)
(0.9999050671 -0.0002917474038 0)
(0.9999239614 -0.0002322524528 0)
(0.9999388567 -0.000183993838 0)
(0.9999505237 -0.000144627708 0)
(0.9999595716 -0.0001122439635 0)
(0.9999664762 -8.527326982e-05 0)
(0.9999716032 -6.241066416e-05 0)
(0.9999752258 -4.255190144e-05 0)
(0.9999775378 -2.473959599e-05 0)
(0.9999786635 -8.116502155e-06 0)
(0.9999954401 0.01860373494 0)
(0.9999985192 0.01948464744 0)
(1.000040409 0.02128631383 0)
(1.000154636 0.02409002547 0)
(1.000387176 0.02802181495 0)
(1.000803434 0.03325759807 0)
(1.001497338 0.04003049595 0)
(1.002603199 0.04864094536 0)
(1.004310798 0.05947068535 0)
(1.006883668 0.0730024646 0)
(1.010679598 0.08984821242 0)
(1.016170656 0.1107887842 0)
(1.023956646 0.1368265238 0)
(1.034759221 0.1692455327 0)
(1.049374152 0.209664238 0)
(1.068554339 0.260060606 0)
(1.091667717 0.3162966903 0)
(1.130577431 0.4241899688 0)
(1.191477722 0.559554856 0)
(1.267428617 0.6632798042 -4.724838066e-21)
(1.458993563 0.7513949489 4.244257371e-21)
(0 0 0)
(0 0 0)
(0 0 0)
(0 0 0)
(0 0 0)
(0 0 0)
(0 0 0)
(0 0 0)
(1.458925577 -0.7512593999 4.245129542e-21)
(1.267366542 -0.6631180007 4.724322103e-21)
(1.191435273 -0.5593401606 0)
(1.130539566 -0.423961819 0)
(1.091636052 -0.3160240455 0)
(1.06852607 -0.2597283779 0)
(1.049347506 -0.2092599484 0)
(1.034731928 -0.1687499289 0)
(1.023926642 -0.136215856 0)
(1.016135918 -0.1100336677 0)
(1.010638016 -0.08891222119 0)
(1.006832948 -0.07184039181 0)
(1.004248408 -0.05802639022 0)
(1.002526352 -0.04684468403 0)
(1.001403029 -0.03779561346 0)
(1.000688567 -0.0304764294 0)
(1.000248821 -0.02456061034 0)
(0.9999904929 -0.01978267249 0)
(0.9998495837 -0.01592657765 0)
(0.9997827824 -0.01281658923 0)
(0.9997611943 -0.0103098956 0)
(0.9997658579 -0.008290584484 0)
(0.999784578 -0.006664695431 0)
(0.9998097119 -0.005356153013 0)
(0.9998366364 -0.004303428345 0)
(0.9998626986 -0.003456803716 0)
(0.9998865051 -0.00277613786 0)
(0.9999074459 -0.002229044106 0)
(0.9999253813 -0.001789407872 0)
(0.9999404381 -0.00143618276 0)
(0.9999528808 -0.001152413814 0)
(0.9999630308 -0.0009244473359 0)
(0.9999712199 -0.0007412908157 0)
(0.999977763 -0.0005940951298 0)
(0.9999829446 -0.000475736623 0)
(0.9999870139 -0.0003804785636 0)
(0.9999901836 -0.0003036980598 0)
(0.999992632 -0.0002416659039 0)
(0.9999945067 -0.00019136709 0)
(0.9999959279 -0.0001503557523 0)
(0.999996992 -0.0001166379807 0)
(0.9999977754 -8.857503972e-05 0)
(0.9999983376 -6.480377608e-05 0)
(0.9999987228 -4.417057249e-05 0)
(0.9999989626 -2.567533855e-05 0)
(0.9999990775 -8.422592837e-06 0)
(1.00056404 0.01804369518 0)
(1.001729161 0.01887531877 0)
(1.003008269 0.02057332427 0)
(1.0044871 0.02320836362 0)
(1.006266731 0.02688929397 0)
(1.008471216 0.03176675478 0)
(1.011256974 0.03803819733 0)
(1.014824963 0.04595472061 0)
(1.01943757 0.05583038377 0)
(1.025443622 0.06805526514 0)
(1.033316774 0.08311466022 0)
(1.043713327 0.1016188378 0)
(1.057551289 0.1243508952 0)
(1.076097056 0.1523434703 0)
(1.101014469 0.1869944249 0)
(1.134291156 0.2302210876 0)
(1.176869088 0.2803792076 0)
(1.236656589 0.3613115399 0)
(1.321871921 0.4652583992 0)
(1.415240803 0.4716781066 -6.719646552e-21)
(1.526433156 0.599439873 -4.738299611e-21)
(1.808163677 0.4968782784 -6.22285852e-21)
(0 0 0)
(0 0 0)
(0 0 0)
(0 0 0)
(0 0 0)
(0 0 0)
(1.808131798 -0.4968026812 6.222646002e-21)
(1.526393766 -0.5993246238 0)
(1.415230053 -0.4715075995 -6.990499307e-21)
(1.321871508 -0.4650707086 0)
(1.236675126 -0.3610961959 0)
(1.176905131 -0.2801174858 0)
(1.13434647 -0.2299006266 0)
(1.101091895 -0.1866021272 0)
(1.076200065 -0.1518608346 0)
(1.057684649 -0.1237549273 0)
(1.04388334 -0.1008809722 0)
(1.033531598 -0.08219942312 0)
(1.025713713 -0.06691861394 0)
(1.019776255 -0.05441764791 0)
(1.015249188 -0.04419805412 0)
(1.011788286 -0.03585343432 0)
(1.009137038 -0.02904953239 0)
(1.007102034 -0.02351028383 0)
(1.005536606 -0.01900741816 0)
(1.004329336 -0.01535230462 0)
(1.003395604 -0.01238932887 0)
(1.002671178 -0.009990395288 0)
(1.002107301 -0.008050312466 0)
(1.001666939 -0.006482904098 0)
(1.001321914 -0.005217733032 0)
(1.001050734 -0.004197348907 0)
(1.00083696 -0.003374983386 0)
(1.000667971 -0.002712630532 0)
(1.000534044 -0.002179452294 0)
(1.000427658 -0.001750460712 0)
(1.000342974 -0.001405432674 0)
(1.00027544 -0.001128017703 0)
(1.000221498 -0.0009050080715 0)
(1.000178357 -0.0007257425771 0)
(1.000143818 -0.0005816201919 0)
(1.000116151 -0.0004657037749 0)
(1.000093987 -0.0003723980727 0)
(1.000076242 -0.0002971886389 0)
(1.00006206 -0.0002364297033 0)
(1.000050762 -0.0001871710155 0)
(1.000041815 -0.0001470178821 0)
(1.000034797 -0.0001140168774 0)
(1.000029384 -8.656177922e-05 0)
(1.000025324 -6.331595411e-05 0)
(1.000022432 -4.314814832e-05 0)
(1.000020573 -2.507766643e-05 0)
(1.000019665 -8.225979168e-06 0)
(1.001077942 0.01640007133 0)
(1.003290995 0.01713738977 0)
(1.005678781 0.01864069328 0)
(1.008368699 0.02096807687 0)
(1.011505127 0.02420860523 0)
(1.015257454 0.02848467408 0)
(1.019829356 0.03395526063 0)
(1.025469647 0.04082017013 0)
(1.032484879 0.04932546614 0)
(1.041253775 0.05977045995 0)
(1.052244041 0.07251718452 0)
(1.066034827 0.08800478627 0)
(1.083355819 0.1067748345 0)
(1.105168627 0.1295205973 0)
(1.132831999 0.1571839321 0)
(1.168385536 0.1911325265 0)
(1.214141645 0.2310453933 0)
(1.277218312 0.2876583215 0)
(1.367117728 0.3636217553 0)
(1.475334663 0.3658548719 0)
(1.601176727 0.4623965102 0)
(1.739302151 0.386719564 5.845532179e-21)
(1.917325833 0.3486881553 0)
(1.965009588 0.3133046244 0)
(2.11658367 0.03234036373 8.602690125e-23)
(2.116580788 -0.03231101247 8.607639419e-23)
(1.964998395 -0.3132636566 0)
(1.917310064 -0.3486427824 0)
(1.739289568 -0.3866350172 -5.845364144e-21)
(1.601179784 -0.46229581 0)
(1.475357072 -0.3657187959 0)
(1.367164509 -0.3634571818 0)
(1.277290971 -0.2874647323 0)
(1.21424303 -0.2308081946 0)
(1.16852131 -0.1908412568 0)
(1.133009267 -0.1568261123 0)
(1.105396166 -0.1290794134 0)
(1.083644819 -0.1062293193 0)
(1.066399451 -0.08732885675 0)
(1.052702142 -0.07167843842 0)
(1.041827801 -0.05872868026 0)
(1.033203009 -0.0480307693 0)
(1.02636723 -0.03921072325 0)
(1.020950719 -0.03195447574 0)
(1.016658188 -0.02599776767 0)
(1.013254974 -0.02111839269 0)
(1.010555205 -0.01712984693 0)
(1.008411928 -0.01387597827 0)
(1.006709064 -0.01122642281 0)
(1.005354956 -0.009072687821 0)
(1.00427723 -0.007324775948 0)
(1.003418724 -0.005908274271 0)
(1.002734265 -0.004761849064 0)
(1.002188126 -0.003835096775 0)
(1.001752025 -0.003086710353 0)
(1.001403551 -0.002482922727 0)
(1.001124922 -0.001996192438 0)
(1.000902019 -0.00160410182 0)
(1.000723612 -0.001288436878 0)
(1.000580764 -0.00103442203 0)
(1.000466358 -0.0008300872108 0)
(1.000374717 -0.0006657462086 0)
(1.000301315 -0.0005335686148 0)
(1.000242541 -0.0004272274392 0)
(1.000195512 -0.000341611851 0)
(1.000157931 -0.0002725933686 0)
(1.000127966 -0.0002168340749 0)
(1.000104163 -0.0001716308637 0)
(1.000085369 -0.0001347882308 0)
(1.000070675 -0.000104513967 0)
(1.000059374 -7.933361605e-05 0)
(1.000050922 -5.801991437e-05 0)
(1.000044914 -3.953416667e-05 0)
(1.000041061 -2.29752884e-05 0)
(1.00003918 -7.536007538e-06 0)
(1.001513285 0.01380625311 0)
(1.004612398 0.01441372963 0)
(1.007932463 0.01565079459 0)
(1.01163201 0.01756212128 0)
(1.015886906 0.02021584484 0)
(1.020898323 0.02370492726 0)
(1.026901833 0.0281490199 0)
(1.034178135 0.03369690223 0)
(1.043066069 0.04052966396 0)
(1.053978831 0.0488649225 0)
(1.06742433 0.05896252153 0)
(1.084030226 0.07113237049 0)
(1.104572918 0.08574570195 0)
(1.130009009 0.1032535829 0)
(1.161512433 0.1242249834 0)
(1.200538729 0.1494370627 0)
(1.248511983 0.178917765 0)
(1.308759769 0.2163381713 0)
(1.386550542 0.2670840275 0)
(1.473653951 0.2668769349 0)
(1.571506961 0.3374556782 0)
(1.673522625 0.2720931913 0)
(1.765156738 0.2466046605 0)
(1.846912997 0.2360206379 0)
(1.890842729 0.01993575656 0)
(1.890843799 -0.01990588622 0)
(1.846917434 -0.2359836917 0)
(1.765166176 -0.2465613771 0)
(1.673542001 -0.2720247957 0)
(1.571542273 -0.3373713951 0)
(1.473710947 -0.2667655183 0)
(1.386636051 -0.2669477326 0)
(1.308878552 -0.216175514 0)
(1.248670184 -0.1787178469 0)
(1.200745138 -0.1491911912 0)
(1.161777804 -0.1239223218 0)
(1.130346669 -0.1028799236 0)
(1.104999613 -0.0852833087 0)
(1.084566965 -0.07055917379 0)
(1.068097431 -0.05825111117 0)
(1.054821212 -0.04798129609 0)
(1.044118859 -0.03943168239 0)
(1.035492682 -0.03233239131 0)
(1.028542198 -0.02645344622 0)
(1.022944385 -0.02159856238 0)
(1.018438228 -0.01760031797 0)
(1.014812644 -0.01431624332 0)
(1.011896918 -0.01162551996 0)
(1.009553054 -0.009426106078 0)
(1.007669587 -0.007632191378 0)
(1.006156561 -0.006171929839 0)
(1.004941443 -0.004985422814 0)
(1.003965795 -0.004022933873 0)
(1.003182573 -0.00324332145 0)
(1.002553927 -0.002612673621 0)
(1.002049421 -0.002103125872 0)
(1.001644592 -0.00169184943 0)
(1.001319789 -0.001360189927 0)
(1.001059225 -0.00109293896 0)
(1.000850228 -0.0008777236833 0)
(1.000682626 -0.0007044951052 0)
(1.000548258 -0.0005651035652 0)
(1.000440579 -0.0004529489682 0)
(1.000354341 -0.0003626901351 0)
(1.000285344 -0.0002900069015 0)
(1.000230225 -0.0002314056322 0)
(1.0001863 -0.0001840588603 0)
(1.000151431 -0.0001456751365 0)
(1.00012392 -0.0001143922257 0)
(1.000102429 -8.868902387e-05 0)
(1.000085913 -6.731381803e-05 0)
(1.000073571 -4.922450541e-05 0)
(1.000064803 -3.353846458e-05 0)
(1.000059183 -1.948982209e-05 0)
(1.00005644 -6.392572453e-06 0)
(1.001852718 0.01043688359 0)
(1.00564156 0.0108882573 0)
(1.009683862 0.01180653708 0)
(1.014159508 0.01322301028 0)
(1.019265048 0.01518515893 0)
(1.025220973 0.01775730438 0)
(1.032279595 0.02102144831 0)
(1.040733714 0.02507832272 0)
(1.050926231 0.03004871236 0)
(1.063260869 0.03607522666 0)
(1.078214256 0.04332493213 0)
(1.096349887 0.0519936915 0)
(1.118335288 0.06231376001 0)
(1.144965372 0.07456728389 0)
(1.177198809 0.08911068492 0)
(1.216223596 0.1064222257 0)
(1.263364171 0.1267236605 0)
(1.32070443 0.1508266415 0)
(1.391895877 0.1834643563 0)
(1.470662861 0.1844603415 0)
(1.559585143 0.2329102052 0)
(1.649728509 0.1842874741 0)
(1.727911499 0.164423459 0)
(1.800751665 0.1634508181 0)
(1.839679522 0.009565128545 0)
(1.839682974 -0.009539784196 0)
(1.800763082 -0.1634206902 0)
(1.727932711 -0.1643881681 0)
(1.649764083 -0.1842354089 0)
(1.559640944 -0.2328457922 0)
(1.470744895 -0.1843770187 0)
(1.392011371 -0.1833620035 0)
(1.32086004 -0.1507035048 0)
(1.263568227 -0.1265721742 0)
(1.216487168 -0.106235753 0)
(1.177535523 -0.08888086206 0)
(1.14539217 -0.07428332143 0)
(1.118873369 -0.06196218826 0)
(1.097025757 -0.05155775358 0)
(1.079061017 -0.04278382402 0)
(1.064319826 -0.03540315479 0)
(1.052248862 -0.02921373379 0)
(1.042384115 -0.02404092478 0)
(1.034337498 -0.01973281482 0)
(1.027785475 -0.01615720761 0)
(1.0224592 -0.01319940932 0)
(1.018135964 -0.01076038235 0)
(1.014631812 -0.008755082991 0)
(1.011795223 -0.007110909434 0)
(1.009501719 -0.005766239864 0)
(1.007649293 -0.004669064487 0)
(1.006154552 -0.003775718133 0)
(1.004949463 -0.003049721393 0)
(1.003978642 -0.002460737338 0)
(1.003197083 -0.001983642366 0)
(1.002568274 -0.001597708283 0)
(1.002062638 -0.001285892506 0)
(1.001656251 -0.001034224872 0)
(1.001329783 -0.0008312852096 0)
(1.001067635 -0.0006677611612 0)
(1.000857231 -0.0005360737685 0)
(1.000688443 -0.0004300660798 0)
(1.000553123 -0.000344744339 0)
(1.000444723 -0.0002760623017 0)
(1.000357985 -0.0002207437281 0)
(1.000288697 -0.0001761369164 0)
(1.000233487 -0.0001400941028 0)
(1.000189668 -0.0001108734266 0)
(1.000155106 -8.705867156e-05 0)
(1.000128115 -6.749247049e-05 0)
(1.00010738 -5.122232613e-05 0)
(1.00009189 -3.745495991e-05 0)
(1.000080888 -2.551813831e-05 0)
(1.000073838 -1.482848427e-05 0)
(1.000070397 -4.86357082e-06 0)
(1.002084657 0.006495570553 0)
(1.006344212 0.006773126149 0)
(1.010877599 0.007337403758 0)
(1.015877792 0.008206827785 0)
(1.021553551 0.009409260604 0)
(1.028136031 0.01098225982 0)
(1.035885684 0.01297340917 0)
(1.045099521 0.01544073843 0)
(1.0561188 0.01845328868 0)
(1.069337304 0.02209195531 0)
(1.085210425 0.02645086917 0)
(1.104265601 0.03163975601 0)
(1.127115109 0.0377879524 0)
(1.154473126 0.04505100202 0)
(1.187180679 0.05362103677 0)
(1.226246113 0.06374356135 0)
(1.272827803 0.07558633876 0)
(1.328269957 0.08906876688 0)
(1.395055792 0.1071069722 0)
(1.468540132 0.1084141494 0)
(1.551914511 0.1364874403 0)
(1.635150471 0.1071575331 0)
(1.704756621 0.09361647138 0)
(1.770403541 0.09563223288 0)
(1.805058519 0.003727295533 0)
(1.80506358 -0.003710473088 0)
(1.770419679 -0.09561264458 0)
(1.704785821 -0.09359351993 0)
(1.635197109 -0.1071249596 0)
(1.551984402 -0.1364470598 0)
(1.468639513 -0.1083625725 0)
(1.395192233 -0.1070434646 0)
(1.32845141 -0.08899199787 0)
(1.273064081 -0.07549186034 0)
(1.226549865 -0.06362719658 0)
(1.187567543 -0.05347751766 0)
(1.154962569 -0.04487359021 0)
(1.127731437 -0.03756823654 0)
(1.105039158 -0.03136727397 0)
(1.086179055 -0.02611263647 0)
(1.070548156 -0.02167187983 0)
(1.057630552 -0.01793145226 0)
(1.046985122 -0.0147925193 0)
(1.038235728 -0.0121684127 0)
(1.031062888 -0.009983022419 0)
(1.025196447 -0.008169685946 0)
(1.020408997 -0.006670309376 0)
(1.01650998 -0.005434582996 0)
(1.013340396 -0.004419230426 0)
(1.010768122 -0.003587274822 0)
(1.00868378 -0.002907325473 0)
(1.006997141 -0.002352894621 0)
(1.00563401 -0.001901756744 0)
(1.004533558 -0.001535358206 0)
(1.003646047 -0.001238282667 0)
(1.002930906 -0.0009977744904 0)
(1.002355117 -0.000803319684 0)
(1.001891857 -0.0006462808327 0)
(1.001519379 -0.0005195841786 0)
(1.001220078 -0.0004174516945 0)
(1.000979724 -0.0003351743278 0)
(1.00078683 -0.0002689224816 0)
(1.000632138 -0.000215586433 0)
(1.000508195 -0.0001726441993 0)
(1.000409009 -0.0001380523279 0)
(1.000329774 -0.0001101557711 0)
(1.00026664 -8.761348139e-05 0)
(1.000216536 -6.933745226e-05 0)
(1.00017702 -5.444244477e-05 0)
(1.000146165 -4.220512929e-05 0)
(1.000122465 -3.202965081e-05 0)
(1.000104761 -2.341985605e-05 0)
(1.000092189 -1.59554727e-05 0)
(1.000084134 -9.271381754e-06 0)
(1.000080202 -3.04084284e-06 0)
(1.002202212 0.002204414252 0)
(1.006700155 0.002298027056 0)
(1.011481679 0.002488277893 0)
(1.016745933 0.002781240932 0)
(1.022707299 0.003186085868 0)
(1.029601634 0.003715143278 0)
(1.037692676 0.004383989627 0)
(1.047278638 0.005211559159 0)
(1.058699082 0.006220304848 0)
(1.0723422 0.007436455929 0)
(1.088652804 0.008890459411 0)
(1.108141513 0.01061773757 0)
(1.131395934 0.01265993792 0)
(1.159095024 0.01506685157 0)
(1.192027981 0.01789903796 0)
(1.231118939 0.02123101114 0)
(1.277423449 0.02511980331 0)
(1.331947679 0.02945895124 0)
(1.396544641 0.03520260786 0)
(1.467455379 0.03577904076 0)
(1.548096656 0.04494287741 0)
(1.628179462 0.03522001158 0)
(1.693663103 0.03032911261 0)
(1.755369465 0.03143895603 0)
(1.78767211 0.0008959918375 0)
(1.787677982 -0.0008901137367 0)
(1.755387986 -0.03143217283 0)
(1.693696341 -0.03032116325 0)
(1.628231717 -0.03520892622 0)
(1.548173725 -0.04492912364 0)
(1.467563636 -0.03576157543 0)
(1.396691853 -0.03518107946 0)
(1.332142453 -0.02943286994 0)
(1.277676347 -0.02508770137 0)
(1.231443417 -0.02119146174 0)
(1.192440715 -0.01785024341 0)
(1.159616775 -0.01500652071 0)
(1.132052607 -0.01258521117 0)
(1.108965424 -0.01052505853 0)
(1.089684232 -0.008775415049 0)
(1.073631292 -0.007293578107 0)
(1.060308209 -0.006042827344 0)
(1.049285284 -0.004991120829 0)
(1.040192982 -0.004110273114 0)
(1.032714749 -0.00337543823 0)
(1.026580683 -0.002764762079 0)
(1.021561823 -0.002259117246 0)
(1.017464932 -0.001841870599 0)
(1.014127739 -0.001498659446 0)
(1.011414623 -0.001217169927 0)
(1.009212738 -0.0009869170527 0)
(1.007428575 -0.0007990300334 0)
(1.00598494 -0.0006460485905 0)
(1.004818325 -0.0005217326651 0)
(1.003876645 -0.0004208885334 0)
(1.003117304 -0.000339212387 0)
(1.002505551 -0.0002731521158 0)
(1.002013105 -0.0002197864852 0)
(1.001616994 -0.00017672074 0)
(1.001298594 -0.0001419970505 0)
(1.001042834 -0.0001140186816 0)
(1.000837535 -9.148645002e-05 0)
(1.000672868 -7.334476157e-05 0)
(1.000540918 -5.873695889e-05 0)
(1.000435318 -4.696884476e-05 0)
(1.000350956 -3.747791041e-05 0)
(1.000283737 -2.980830895e-05 0)
(1.000230392 -2.359008726e-05 0)
(1.000188322 -1.852216551e-05 0)
(1.000155474 -1.435863264e-05 0)
(1.000130244 -1.089662263e-05 0)
(1.000111398 -7.967364477e-06 0)
(1.000098017 -5.427896221e-06 0)
(1.000089443 -3.153984234e-06 0)
(1.000085259 -1.034447645e-06 0)
(2.507807631 0.09142049184 -2.132751527e-21)
(2.38454075 0.07403663993 -1.663317063e-23)
(2.281320174 0.05862799729 1.930292817e-21)
(2.193971617 0.04476141893 -3.507399345e-23)
(2.119216856 0.03236562065 -8.615927728e-23)
(2.054565669 0.02168169009 -1.786333387e-21)
(1.998259259 0.01313026509 0)
(1.949215874 0.007092273845 0)
(1.906925867 0.003653863033 -1.610492652e-21)
(1.841841893 0.009544959939 0)
(2.456767731 0.2683436416 2.127159373e-21)
(2.33912523 0.2154462872 1.033070175e-22)
(2.240974706 0.170225461 5.378691825e-21)
(2.158881153 0.1322395209 -4.147967032e-22)
(2.090205577 0.1017221515 3.034180202e-21)
(2.03277698 0.07918023997 -2.264887296e-21)
(1.98466284 0.06492851846 0)
(1.944033944 0.05868593402 5.767199184e-22)
(1.909137856 0.05933725911 2.15468249e-21)
(1.802859153 0.1636818379 0)
(2.386781209 0.4666192092 4.090190157e-21)
(2.270289838 0.4296634821 1.642388378e-28)
(2.172727359 0.3983025269 3.740981418e-21)
(2.091077311 0.3701425688 -1.52190056e-22)
(2.023189137 0.3427466317 3.476049925e-21)
(1.967397717 0.3138320281 0)
(1.922201717 0.281621218 -6.694481419e-22)
(1.886029263 0.2451960372 -3.203746161e-21)
(1.857128257 0.204726177 1.115955568e-21)
(1.802859153 0.1636818379 0)
(2.307024129 0.6255704741 8.007125249e-21)
(2.203505092 0.5532182663 -7.234564614e-21)
(2.11600775 0.4915448098 6.863012733e-22)
(2.041176507 0.4381822811 -6.139382387e-21)
(1.976395376 0.391248597 1.083622265e-21)
(1.919749867 0.3492101732 0)
(1.869995586 0.3108250819 6.351126645e-21)
(1.826485407 0.2751548961 -4.682541308e-21)
(1.789016993 0.2416109468 -3.042524118e-21)
(1.767263173 0.246949999 0)
(2.182600501 0.7680276263 7.837121579e-21)
(2.094631339 0.6714880729 -7.452582152e-21)
(2.020179837 0.5890615912 -9.931713356e-22)
(1.956360827 0.5179811789 -9.437073054e-21)
(1.90083924 0.4562119198 -1.557855116e-21)
(1.851789391 0.4022758604 6.318102205e-21)
(1.807901763 0.3550677517 6.197363063e-21)
(1.768404679 0.3136568983 0)
(1.733054973 0.2771049796 0)
(1.675503422 0.2726219544 0)
(2.024134389 0.8814890632 0)
(1.956650433 0.7612040649 -7.944303939e-21)
(1.899920464 0.6586406986 5.411855695e-21)
(1.851835643 0.5712503962 0)
(1.810546948 0.4975219751 6.231043374e-21)
(1.774347548 0.436499812 1.214796578e-20)
(1.741655083 0.3873081568 -5.853540684e-21)
(1.711067362 0.3487683102 0)
(1.681477073 0.3191783223 -5.567076533e-21)
(1.573369819 0.3381372879 0)
(1.851024446 0.9982346639 -6.887549665e-21)
(1.785678906 0.8957256878 -6.151815369e-21)
(1.730297593 0.8079367929 6.466256441e-21)
(1.683902415 0.7308895397 -1.254234115e-21)
(1.645993807 0.6611343447 5.985947736e-21)
(1.616239551 0.5957947892 9.453453159e-21)
(1.594146657 0.5327498361 -1.374941342e-21)
(1.578795118 0.470805272 0)
(1.568708219 0.4097434517 1.770970628e-22)
(1.573369819 0.3381372879 0)
(1.687193488 1.07005188 -1.267359021e-23)
(1.647974387 0.945600314 -8.763577506e-22)
(1.613702057 0.8395799767 -7.439945331e-21)
(1.583025097 0.748464381 0)
(1.554927636 0.6694388388 4.16406104e-21)
(1.528820025 0.600218968 4.747492013e-21)
(1.504577969 0.5389418538 0)
(1.48247932 0.4841262229 6.790746272e-22)
(1.463013817 0.4346752851 -8.925352532e-29)
(1.477354652 0.3669869571 0)
(1.496908464 1.107043253 1.525634138e-23)
(1.483169126 0.9702900473 0)
(1.471413364 0.853086761 -6.411430359e-23)
(1.46106889 0.7520404742 -4.254799616e-21)
(1.451366448 0.6648696009 -5.000085434e-21)
(1.441437375 0.5900318089 -8.023780438e-22)
(1.43049609 0.5263646203 0)
(1.418058621 0.4727731458 6.731399e-21)
(1.404123559 0.42800887 4.559318995e-21)
(1.36931591 0.3646518611 0)
(1.298005083 1.131729336 -5.495364231e-21)
(1.290925801 1.00849289 0)
(1.284161339 0.9033830384 5.296274402e-21)
(1.278087863 0.8127829081 -3.668970159e-21)
(1.273174611 0.7337511358 4.844188064e-22)
(1.269841397 0.6638884551 4.73239353e-21)
(1.268297257 0.6012775935 0)
(1.268429707 0.5444399177 4.465920093e-21)
(1.269803594 0.4922871197 4.354701887e-21)
(1.325394057 0.4656399921 0)
(1.115485501 1.118489583 5.336158598e-21)
(1.135645521 0.9885621893 0)
(1.152326091 0.8771900332 -4.795549751e-21)
(1.166187854 0.780914114 4.421822398e-21)
(1.177677927 0.6970940113 9.199279716e-22)
(1.187163288 0.62361868 -4.218916078e-21)
(1.195022747 0.5587074131 0)
(1.201666274 0.5008145621 -3.934441592e-21)
(1.207486605 0.4486250265 -3.812789936e-21)
(1.237637339 0.3710802336 0)
(0.9280230766 1.08909285 1.450992936e-23)
(0.9553902644 0.9728132865 0)
(0.9777709694 0.8729102976 3.021967648e-21)
(0.9965395536 0.7857623642 4.01342719e-21)
(1.012901612 0.7084092174 7.826655672e-22)
(1.027859557 0.6385321914 1.67526613e-21)
(1.04214062 0.5744904263 0)
(1.056152385 0.5153269025 -7.052697928e-21)
(1.069992015 0.4606845788 -1.106399422e-20)
(1.131322665 0.4411803533 0)
(0.7624719679 1.018098236 -1.818274056e-23)
(0.8232390259 0.8976822153 1.258844936e-21)
(0.8740238355 0.7944365903 5.851875889e-21)
(0.9159958426 0.7056280252 0)
(0.9497218259 0.6293756707 0)
(0.9754780685 0.5643401428 0)
(0.9935808179 0.5094129316 0)
(1.004655958 0.4634527044 -4.560352032e-21)
(1.009785307 0.42511274 -5.598302061e-29)
(0.9740050961 0.3280661019 0)
(0.5915722687 0.9326068325 3.331779655e-21)
(0.6536671311 0.8313568074 2.403189194e-21)
(0.7059109961 0.744574037 -3.333573455e-21)
(0.7506574623 0.6696071045 2.22099752e-21)
(0.7898555782 0.6043358782 -3.039337623e-21)
(0.8250541303 0.5469692383 -2.920298178e-21)
(0.8573622804 0.4959299655 2.815914137e-21)
(0.887420031 0.4498071812 0)
(0.9154193756 0.4073609278 -5.488994259e-21)
(0.9740050961 0.3280661019 0)
(0.450098346 0.8365403869 0)
(0.5202104472 0.7496485277 3.063251718e-21)
(0.5786821895 0.6750280759 -2.927923993e-21)
(0.6280112978 0.6100559636 0)
(0.6703998159 0.5525433552 -2.699239475e-21)
(0.7077797145 0.5007192565 -5.085345998e-21)
(0.7417402431 0.4532482016 2.509216938e-21)
(0.7734218671 0.4092380434 0)
(0.8034332502 0.3682079342 -5.451800483e-21)
(0.8499739121 0.3102543847 0)
(0.3367377918 0.7063432454 -2.628614438e-21)
(0.4378006003 0.6256851622 2.474521281e-21)
(0.5232695945 0.5563378151 2.021826936e-21)
(0.5954884621 0.4962544576 7.466297273e-21)
(0.6559680369 0.4439013906 3.129154366e-21)
(0.7057376641 0.3981254008 -2.161268976e-21)
(0.745685919 0.358038423 -1.934434829e-21)
(0.77682368 0.3229312538 0)
(0.8004166005 0.2922189135 0)
(0.771276377 0.2198584903 0)
(0.226856691 0.5594093885 -1.814816943e-21)
(0.3280526757 0.4977451801 7.233727493e-22)
(0.413934579 0.4446566122 -1.881739387e-21)
(0.4876779832 0.3986025772 -6.523792128e-22)
(0.5517286092 0.3583902245 -2.93908559e-21)
(0.6079073638 0.3230581756 0)
(0.6574874391 0.2918022965 -1.628658889e-21)
(0.7012939157 0.2639363251 4.80037538e-21)
(0.7398468084 0.238883367 6.860912757e-22)
(0.771276377 0.2198584903 0)
(0.1484501993 0.4061972492 -4.941823187e-22)
(0.2554708514 0.3614728679 2.874402846e-29)
(0.3458242014 0.3228448877 -6.318339997e-22)
(0.4226363786 0.2892441478 1.21324528e-21)
(0.4883744413 0.2598787707 -5.642557764e-22)
(0.5450056635 0.2341640459 0)
(0.5940888334 0.2116597092 3.668539032e-21)
(0.6368224322 0.1920088514 5.681335915e-22)
(0.6740806792 0.1748834052 8.340327952e-23)
(0.6773326455 0.1595609409 0)
(0.0957041964 0.2455893732 -3.346483222e-22)
(0.2066318317 0.2186065368 -3.040935002e-22)
(0.300262702 0.1953057678 3.412656598e-22)
(0.3797802195 0.1750244512 1.208125931e-21)
(0.4477062441 0.1572584426 1.06197497e-21)
(0.5060950284 0.1416298313 3.446087969e-21)
(0.556664067 0.1278670427 1.822057172e-21)
(0.6008667405 0.1157872401 0)
(0.6399129859 0.1052697111 -2.143027402e-22)
(0.6461352231 0.08477170844 0)
(0.06926904314 0.08065538776 1.566292932e-22)
(0.1821391939 0.07171601748 1.517740879e-22)
(0.2775225731 0.06399174056 -7.247946037e-23)
(0.3586561898 0.05725464879 3.016554277e-22)
(0.4280490538 0.05132224574 7.211708638e-22)
(0.4876691699 0.04604944596 4.825164423e-22)
(0.5390845985 0.04133026501 0)
(0.5835779896 0.03710478203 0)
(0.6222410843 0.03336113979 1.120609317e-21)
(0.602797054 -0.001765575361 0)
(0.06945784027 -0.08567524984 -6.945932565e-24)
(0.1823133569 -0.07652908561 -1.517614407e-22)
(0.277705952 -0.06867583251 -7.644699675e-23)
(0.3588752361 -0.06186871082 -3.016873863e-22)
(0.428327183 -0.05591361809 -7.213363032e-22)
(0.488021353 -0.05065909135 -3.36156545e-22)
(0.5395135595 -0.04599662087 0)
(0.5840740183 -0.04186691731 0)
(0.6227873056 -0.03826274928 7.369874613e-23)
(0.602797054 -0.001765575361 0)
(0.09622448288 -0.2504965878 -1.147112249e-22)
(0.2070310632 -0.223339644 3.038226991e-22)
(0.3005747256 -0.19994977 -1.534731901e-21)
(0.3800373037 -0.1796434935 -1.207151477e-21)
(0.4479416963 -0.1619015828 -1.832295509e-21)
(0.5063456007 -0.1463356159 -1.488179115e-21)
(0.5569725938 -0.1326688403 0)
(0.601285435 -0.1207209029 1.975038124e-21)
(0.6405071313 -0.1103841296 1.892462242e-21)
(0.6466091425 -0.08844813871 0)
(0.1492600803 -0.4108399204 -9.514105117e-22)
(0.256062854 -0.3659877073 -2.906700437e-29)
(0.3462485943 -0.3273139547 -6.39424114e-22)
(0.4229349333 -0.2937328003 -1.211270424e-21)
(0.4885852121 -0.2644425624 -5.719478108e-22)
(0.5451686792 -0.2388546998 0)
(0.594251865 -0.2165306305 -3.663183271e-21)
(0.6370436614 -0.1971197679 5.766400439e-22)
(0.6744232775 -0.1803025386 4.327207551e-21)
(0.6778762393 -0.1637279993 0)
(0.2278576379 -0.5636269278 -2.279415118e-21)
(0.3287098173 -0.5019036649 3.182061343e-21)
(0.4143080226 -0.4488267786 1.876504527e-21)
(0.4878170738 -0.4028471621 4.249328234e-21)
(0.5516816951 -0.3627690979 2.930725333e-21)
(0.6077251 -0.3276312792 0)
(0.6572164092 -0.2966290765 -1.64392848e-21)
(0.7009587802 -0.2690701155 -3.356195913e-21)
(0.7394227233 -0.244359577 6.949442726e-22)
(0.7724596657 -0.2247217385 0)
(0.3378704626 -0.7100061491 -2.641603325e-21)
(0.4386008023 -0.6293767297 2.487254441e-21)
(0.5238845164 -0.5601096266 -2.016889927e-21)
(0.596048294 -0.5001347135 -2.997017103e-21)
(0.6565537767 -0.4479025615 -3.123493899e-21)
(0.7063460489 -0.4022492539 -2.174966387e-21)
(0.7461993804 -0.3622778843 -1.948633254e-21)
(0.7769955819 -0.3272686883 0)
(0.7998810946 -0.2966209682 0)
(0.7724596657 -0.2247217385 0)
(0.450841311 -0.8393828019 0)
(0.520035803 -0.752797355 2.00793096e-21)
(0.5775604965 -0.6785409334 -4.566019488e-21)
(0.6258394098 -0.6140026278 0)
(0.6670541933 -0.5569798476 -2.707486401e-21)
(0.7031720869 -0.5056624441 -5.102680495e-21)
(0.7358735031 -0.458653149 2.516509551e-21)
(0.7664393818 -0.414982542 0)
(0.7956527343 -0.374088787 2.353173817e-21)
(0.8624973022 -0.3138123501 0)
(0.5920885467 -0.9343023105 4.154320583e-21)
(0.6535683406 -0.8332470333 4.625916303e-21)
(0.7053103194 -0.7465709756 -3.338677853e-21)
(0.7496686973 -0.6716287495 -2.208457962e-21)
(0.7885884885 -0.606317216 -3.043369968e-21)
(0.8236087213 -0.5488768157 3.180257636e-21)
(0.8558225327 -0.4977766357 9.642512879e-21)
(0.8858483748 -0.4516627302 0)
(0.9138530672 -0.4093549416 1.073655918e-20)
(0.9794568246 -0.3269368691 0)
(0.7625855547 -1.018935087 -1.808417854e-23)
(0.8228081105 -0.8988297932 -1.252096772e-21)
(0.8731602361 -0.7958340624 1.996778532e-21)
(0.9148144446 -0.7072153836 0)
(0.9483400801 -0.6310924717 5.934648348e-21)
(0.9740089632 -0.5661275098 6.713044462e-21)
(0.9921192157 -0.5112205981 0)
(1.00326054 -0.4652509462 1.107547042e-20)
(1.008460135 -0.4269069721 5.602927891e-29)
(0.9794568246 -0.3269368691 0)
(0.9275969894 -1.089159803 1.440988326e-23)
(0.9544191377 -0.9732806197 0)
(0.976263809 -0.873755831 -6.005459482e-23)
(0.9944746699 -0.7870022194 -3.98104779e-21)
(1.010240274 -0.7100850475 -1.364077752e-20)
(1.024559624 -0.6406954252 -9.433915091e-21)
(1.038170706 -0.5771836749 0)
(1.051504869 -0.5185652165 6.706011216e-21)
(1.064692337 -0.4644407695 -3.539330162e-21)
(1.130539566 -0.423961819 0)
(1.114551947 -1.117897509 5.736518337e-21)
(1.134328132 -0.9882821554 0)
(1.150619538 -0.8771380318 -4.791660652e-21)
(1.164073244 -0.7810353659 -4.399662507e-21)
(1.175122056 -0.6973641466 -9.661764865e-21)
(1.184119501 -0.6240472723 -4.213322687e-21)
(1.191435273 -0.5593401606 0)
(1.197479268 -0.5017304371 -3.927588059e-21)
(1.202657996 -0.4499259553 -3.805516644e-21)
(1.236675126 -0.3610961959 0)
(1.296628133 -1.130724761 -5.828639563e-21)
(1.2893284 -1.007731982 0)
(1.282341414 -0.9027623987 5.290219962e-21)
(1.276048489 -0.8122044717 3.655965567e-21)
(1.27091893 -0.7331203394 9.283324323e-21)
(1.267366542 -0.6631180007 4.724322103e-21)
(1.265586776 -0.6002979566 0)
(1.265445136 -0.5432163642 4.455538451e-21)
(1.266476892 -0.4908407877 4.342948587e-21)
(1.321871508 -0.4650707086 0)
(1.495144296 -1.105833893 1.521844354e-23)
(1.481293362 -0.9692970257 0)
(1.469409521 -0.8522340925 3.194453853e-21)
(1.458925577 -0.7512593999 4.245129542e-21)
(1.449073737 -0.6640921682 1.028480128e-20)
(1.438983983 -0.5891839746 1.080657147e-20)
(1.427866629 -0.5253596615 0)
(1.415230053 -0.4715075995 -6.990499307e-21)
(1.401059939 -0.4263642208 -2.669682076e-21)
(1.367164509 -0.3634571818 0)
(1.685090078 -1.068775086 -1.264513074e-23)
(1.645834647 -0.9445148395 8.744181345e-22)
(1.611502735 -0.8386244054 -4.745551885e-21)
(1.580752762 -0.7475839199 0)
(1.552577182 -0.6685801801 0)
(1.526393766 -0.5993246238 0)
(1.502083958 -0.5379434002 0)
(1.479927656 -0.4829361069 -1.071929578e-20)
(1.460409964 -0.4331774969 8.907004345e-29)
(1.475357072 -0.3657187959 0)
(1.848655275 -0.9969806634 -7.33198422e-21)
(1.783354332 -0.8946103485 -7.375307707e-21)
(1.727999601 -0.8069053244 6.457732774e-21)
(1.681623144 -0.7298909318 1.252591421e-21)
(1.64373062 -0.6601237733 5.977561078e-21)
(1.613991433 -0.594735577 5.787204216e-21)
(1.591912017 -0.5316137044 -5.623457048e-21)
(1.576571305 -0.4695690036 0)
(1.566492883 -0.4083798435 -1.090166575e-20)
(1.571542273 -0.3373713951 0)
(2.021530625 -0.8803542411 0)
(1.954122143 -0.760215298 -7.06854451e-21)
(1.897443871 -0.6577672584 6.739857962e-21)
(1.849394623 -0.5704663452 0)
(1.808131798 -0.4968026812 6.222646002e-21)
(1.771955009 -0.4358188078 1.213132339e-20)
(1.739289568 -0.3866350172 -5.845364144e-21)
(1.708743479 -0.3480681449 0)
(1.679223527 -0.3184129027 -1.11679294e-20)
(1.571542273 -0.3373713951 0)
(2.179797257 -0.7670387477 7.827053325e-21)
(2.091935962 -0.6706142536 -7.442981945e-21)
(2.017567564 -0.5882762442 9.920373501e-22)
(1.953816414 -0.5172617645 -4.249387211e-21)
(1.898355928 -0.4555393582 1.556306569e-21)
(1.849368781 -0.4016337847 6.309692646e-21)
(1.805554362 -0.3544418209 6.189143678e-21)
(1.766150878 -0.3130346819 0)
(1.730926371 -0.2764773262 0)
(1.673542001 -0.2720247957 0)
(2.304073607 -0.6247634066 8.160242917e-21)
(2.200689591 -0.5524901562 -8.114329062e-21)
(2.113301912 -0.4908771719 -6.856785201e-22)
(2.038564265 -0.4375594259 -7.922936386e-21)
(1.973869129 -0.3906579513 -1.08282771e-21)
(1.917310064 -0.3486427824 0)
(1.867650253 -0.310276519 6.342994927e-21)
(1.824249174 -0.2746266594 -1.549254327e-21)
(1.786909461 -0.2411123473 -3.038855385e-21)
(1.765166176 -0.2465613771 0)
(2.383739003 -0.4660219978 4.139021021e-21)
(2.267406788 -0.4291059329 -1.640301049e-28)
(2.169983206 -0.3977657502 3.736247843e-21)
(2.088458021 -0.3696074841 1.5223683e-22)
(2.020684328 -0.3421982277 3.471713523e-21)
(1.964998395 -0.3132636566 0)
(1.919898581 -0.2810384376 6.70276627e-22)
(1.883811931 -0.2446191506 -3.199865734e-21)
(1.854985666 -0.2041905251 2.149877864e-23)
(1.800763082 -0.1634206902 0)
(2.453653387 -0.2679933054 2.049057284e-21)
(2.336174252 -0.2151499289 -1.032180009e-22)
(2.238164654 -0.1699834212 6.0105917e-21)
(2.156194173 -0.1320549476 4.14347685e-22)
(2.087626872 -0.1015975232 4.009481427e-21)
(2.030293424 -0.07911398238 -6.350060431e-22)
(1.98226192 -0.06491236465 5.709936539e-22)
(1.941703283 -0.05870389618 0)
(1.906865448 -0.05936699368 1.592173366e-21)
(1.800763082 -0.1634206902 0)
(2.504645162 -0.09130176833 -2.112023295e-21)
(2.381542787 -0.07393431473 1.662008138e-23)
(2.278460535 -0.05854089215 1.927872287e-21)
(2.191230707 -0.04468979499 3.504346727e-23)
(2.116580788 -0.03231101247 8.607639419e-23)
(2.052025516 -0.02164626102 -1.684295796e-21)
(1.995810124 -0.01311553477 0)
(1.946855328 -0.007097431652 0)
(1.904651381 -0.003674345638 -1.488116967e-21)
(1.839682974 -0.009539784196 0)
(2.504651349 0.09130692903 2.130065483e-21)
(2.381548131 0.07394773799 1.660889792e-23)
(2.278465043 0.058560987 -1.927877429e-21)
(2.191234393 0.0447151466 3.502213274e-23)
(2.11658367 0.03234036373 8.602690125e-23)
(2.052027615 0.02167849384 1.784108291e-21)
(1.995811462 0.01314965354 0)
(1.946855924 0.007132547005 0)
(1.904651249 0.00370965782 1.608575624e-21)
(1.839679522 0.009565128545 0)
(2.453672181 0.2680007764 -2.12448618e-21)
(2.336190476 0.2151659775 -1.031942324e-22)
(2.238178354 0.1700064263 -5.371955661e-21)
(2.156205408 0.1320834938 4.142561113e-22)
(2.087635707 0.1016303693 -3.03057054e-21)
(2.03029992 0.07915003225 2.261908797e-21)
(1.982266138 0.06495064332 0)
(1.941705276 0.05874352782 -5.755987845e-22)
(1.906865255 0.05940718565 -2.15167257e-21)
(1.800751665 0.1634508181 0)
(2.383770866 0.4660340563 -4.085043483e-21)
(2.267434269 0.4291268198 -1.640323105e-28)
(2.170006431 0.397793747 -3.736293905e-21)
(2.088477121 0.3696410901 1.521377805e-22)
(2.020699421 0.3422361133 -3.471748817e-21)
(1.965009588 0.3133046244 0)
(1.919905967 0.2810813935 6.700009034e-22)
(1.883815584 0.2446630814 3.19988889e-21)
(1.854985653 0.2042344871 -1.116399425e-21)
(1.800751665 0.1634508181 0)
(2.304118787 0.6247823257 -7.997040049e-21)
(2.200728491 0.5525177526 7.225422629e-21)
(2.113334747 0.4909115625 -6.855146252e-22)
(2.038591243 0.4375989386 6.131391862e-21)
(1.973890428 0.3907010801 -1.082585607e-21)
(1.917325833 0.3486881553 0)
(1.867660607 0.3103228709 -6.34307682e-21)
(1.8242542 0.2746728116 4.677715389e-21)
(1.786909227 0.241157191 3.038872634e-21)
(1.765156738 0.2466046605 0)
(2.179856199 0.7670679156 -7.827273794e-21)
(2.091986258 0.6706528926 7.443184468e-21)
(2.017609564 0.5883223866 9.918425095e-22)
(1.953850405 0.5173137387 9.424995532e-21)
(1.898382127 0.4555957166 1.556009722e-21)
(1.849387343 0.4016932561 -6.30982786e-21)
(1.805565384 0.3545032748 -6.189243536e-21)
(1.766154404 0.3130971025 0)
(1.730922404 0.2765397901 0)
(1.673522625 0.2720931913 0)
(2.021604573 0.8803975028 0)
(1.954184768 0.7602691445 7.934180761e-21)
(1.897495829 0.6578297711 -5.405177004e-21)
(1.849436385 0.5705360117 0)
(1.808163677 0.4968782784 -6.22285852e-21)
(1.771977195 0.4358993184 -1.213168804e-20)
(1.739302151 0.386719564 5.845532179e-21)
(1.70874647 0.3481559414 0)
(1.679216871 0.3185032133 5.559214888e-21)
(1.571506961 0.3374556782 0)
(1.848745125 0.997041661 6.879346611e-21)
(1.783430414 0.8946820979 6.144697124e-21)
(1.728063048 0.80698599 -6.458048187e-21)
(1.681674773 0.7299790645 1.252241303e-21)
(1.643770998 0.6602181683 -5.977828171e-21)
(1.614020936 0.5948351751 -9.441934643e-21)
(1.591930874 0.5317175233 1.36913077e-21)
(1.576579628 0.4696760943 0)
(1.566490693 0.4084892648 -1.858661902e-22)
(1.571506961 0.3374556782 0)
(1.685195105 1.068856709 1.264259876e-23)
(1.645924152 0.944605859 8.742422661e-22)
(1.611578315 0.8387231988 7.429249842e-21)
(1.580815573 0.7476891962 0)
(1.552628029 0.6686908836 -4.155174768e-21)
(1.526433156 0.599439873 -4.738299611e-21)
(1.502112155 0.5380624469 0)
(1.479944713 0.4830583028 -6.810987373e-22)
(1.46041576 0.4333022649 8.907458198e-29)
(1.475334663 0.3658548719 0)
(1.495262639 1.105941268 -1.521550169e-23)
(1.481393172 0.969414498 0)
(1.469492788 0.8523608152 6.394964951e-23)
(1.458993563 0.7513949489 4.244257371e-21)
(1.449127175 0.6642363816 4.983150404e-21)
(1.439023215 0.5893368468 7.972679935e-22)
(1.427891708 0.5255212794 0)
(1.415240803 0.4716781066 -6.719646552e-21)
(1.401056 0.4265438064 -4.548192124e-21)
(1.367117728 0.3636217553 0)
(1.296758353 1.130858031 5.491634021e-21)
(1.289441003 1.007871368 0)
(1.282439027 0.9029075925 -5.290790934e-21)
(1.276133027 0.8123552815 3.655242426e-21)
(1.270991766 0.7332766607 -4.931100517e-22)
(1.267428617 0.6632798042 -4.724838066e-21)
(1.265638687 0.6004652816 0)
(1.265487194 0.5433893008 -4.456027338e-21)
(1.266509189 0.4910194571 -4.343424943e-21)
(1.321871921 0.4652583992 0)
(1.114688131 1.11805993 -5.333297116e-21)
(1.134444873 0.9884503775 0)
(1.150719475 0.8773130971 4.792331585e-21)
(1.164157973 0.7812184673 -4.398821288e-21)
(1.175192446 0.6975565382 -8.9521511e-22)
(1.184175916 0.6242502077 4.213969658e-21)
(1.191477722 0.559554856 0)
(1.197507504 0.501958052 3.928236608e-21)
(1.202671576 0.4501676062 3.806169103e-21)
(1.236656589 0.3613115399 0)
(0.9277364396 1.089348107 -1.440800365e-23)
(0.9545433896 0.9734698407 0)
(0.9763758091 0.8739481173 -2.99887372e-21)
(0.9945764521 0.787199432 -3.980476432e-21)
(1.01033322 0.7102888059 -7.403688492e-22)
(1.024644637 0.6409071531 -1.622078452e-21)
(1.038248333 0.5774046502 0)
(1.051575385 0.5187966184 6.973345176e-21)
(1.064755815 0.4646837233 1.097349262e-20)
(1.130577431 0.4241899688 0)
(0.7627205053 1.019141507 1.808352043e-23)
(0.8229346425 0.8990313679 -1.25205082e-21)
(0.8732809506 0.7960337943 -5.844575881e-21)
(0.9149313165 0.7074156698 0)
(0.9484545976 0.6312953011 0)
(0.974122215 0.5663346048 0)
(0.9922319585 0.5114335055 0)
(1.003373261 0.4654710751 4.52772288e-21)
(1.008573122 0.4271355895 5.604475873e-29)
(0.9795555611 0.3272062822 0)
(0.592210224 0.9345229481 -3.341016957e-21)
(0.6536831107 0.8334621372 -2.416445769e-21)
(0.7054197317 0.7467847749 3.339491683e-21)
(0.7497735246 0.6718448521 -2.208362206e-21)
(0.7886890032 0.606538761 3.044193389e-21)
(0.8237048864 0.5491065694 2.924675075e-21)
(0.8559141244 0.4980170535 -2.819987213e-21)
(0.8859350449 0.4519160011 0)
(0.9139343501 0.4096230337 5.451910035e-21)
(0.9795555611 0.3272062822 0)
(0.450948932 0.8396081112 0)
(0.5201455714 0.7530138168 -3.073311222e-21)
(0.5776733051 0.678753623 2.937619006e-21)
(0.6259557848 0.6142156567 0)
(0.6671744211 0.5571966177 2.708325729e-21)
(0.7032962934 0.5058858324 5.104406222e-21)
(0.7360016965 0.4588856581 -2.517408645e-21)
(0.7665714678 0.4152264319 0)
(0.7957885123 0.3743462004 5.316112434e-21)
(0.8626365028 0.3140596479 0)
(0.3379606904 0.7102191017 2.642383991e-21)
(0.4387068124 0.6295768565 -2.488010302e-21)
(0.5240062349 0.560301886 -2.017212823e-21)
(0.5961860538 0.5003229159 -7.469923077e-21)
(0.6567081527 0.4480897323 -3.124036346e-21)
(0.7065177363 0.4024378908 2.17577947e-21)
(0.7463891193 0.362470141 1.949451419e-21)
(0.7772041296 0.3274664976 0)
(0.8001092472 0.2968261214 0)
(0.7726935281 0.2249776134 0)
(0.2279239574 0.5638169328 1.830710048e-21)
(0.3287948494 0.5020824354 -7.4126315e-22)
(0.414409857 0.4489990562 1.876851797e-21)
(0.4879341567 0.403016752 6.314386877e-22)
(0.5518127828 0.362939147 2.931267487e-21)
(0.6078692331 0.3278044644 0)
(0.6573728917 0.2968077306 1.644667994e-21)
(0.7011271544 0.2692563064 -4.798199904e-21)
(0.7396027386 0.244555155 -6.953376555e-22)
(0.7726935281 0.2249776134 0)
(0.1493084467 0.4109964911 5.027601753e-22)
(0.2561391597 0.366134258 -2.907827981e-29)
(0.3463500376 0.3274546094 6.396863806e-22)
(0.4230595686 0.2938708085 -1.211593368e-21)
(0.4887317072 0.2645805541 5.722175225e-22)
(0.5453361576 0.2389948558 0)
(0.5944398067 0.2166747955 -3.664241759e-21)
(0.6372518404 0.197269526 -5.769691027e-22)
(0.6746517169 0.1804592686 -8.333308159e-23)
(0.6781340842 0.1639211279 0)
(0.09625795522 0.2506083511 3.388501801e-22)
(0.2070989749 0.223444068 3.039161561e-22)
(0.3006734592 0.2000497237 -3.286788335e-22)
(0.3801644924 0.1797412183 -1.207540505e-21)
(0.4480958752 0.1619988699 -1.053363168e-21)
(0.5065259664 0.146433923 -3.449246906e-21)
(0.5571788297 0.1327693728 -1.8218369e-21)
(0.6015175789 0.120824676 0)
(0.6407654701 0.1104920286 2.188001939e-22)
(0.6468964063 0.08856330525 0)
(0.06948178396 0.08573511782 -1.609495712e-22)
(0.1823748584 0.07658529544 -1.518116251e-22)
(0.2778009475 0.06872959041 7.649870425e-23)
(0.3590010916 0.06192096089 -3.017921703e-22)
(0.428482259 0.05596513198 -7.215953836e-22)
(0.4882046897 0.05071053489 -4.867862084e-22)
(0.5397246429 0.04604860369 0)
(0.5843126098 0.04192002622 0)
(0.6230533311 0.03831756681 -1.125893905e-21)
(0.6030850682 0.001794573973 0)
(0.06929052156 -0.08064997994 1.123874483e-23)
(0.1821984 -0.07171009291 1.518243959e-22)
(0.277615083 -0.06398576917 7.248056598e-23)
(0.3587789305 -0.05724899588 3.01759501e-22)
(0.4281999553 -0.05131719207 7.2142664e-22)
(0.4878469471 -0.04604519353 3.400700303e-22)
(0.5392886123 -0.04132693556 0)
(0.5838081518 -0.03710241791 0)
(0.6224977777 -0.03335971287 -6.953927389e-23)
(0.6030850682 0.001794573973 0)
(0.09573072159 -0.2456371277 1.10448798e-22)
(0.2066941953 -0.2186497234 -3.041898168e-22)
(0.3003569962 -0.1953463914 1.524170753e-21)
(0.3799038153 -0.1750640772 1.208526007e-21)
(0.4478574261 -0.157298341 1.826120611e-21)
(0.5062727568 -0.1416710797 1.493735267e-21)
(0.5568678302 -0.1279105952 0)
(0.6010964731 -0.1158339709 -1.976348469e-21)
(0.6401690238 -0.1053204306 -1.897605021e-21)
(0.6464229375 -0.08483002723 0)
(0.1484875511 -0.4062926844 9.440358539e-22)
(0.2555386331 -0.3615606945 2.875109155e-29)
(0.3459192778 -0.3229284487 6.319989731e-22)
(0.4227566155 -0.2893260589 1.213590688e-21)
(0.4885184286 -0.2599611495 5.644317715e-22)
(0.5451725219 -0.2342486779 0)
(0.5942780707 -0.2117481694 3.669679772e-21)
(0.6370338302 -0.1921025936 -5.683715722e-22)
(0.6743142065 -0.1749838187 -4.333637714e-21)
(0.6775964319 -0.1596995573 0)
(0.2269086133 -0.5595425593 2.265922016e-21)
(0.328126835 -0.497869165 -3.17206932e-21)
(0.4140288513 -0.4447756023 -1.882135353e-21)
(0.4877908149 -0.3987198864 -4.243421658e-21)
(0.5518588542 -0.3585085506 -2.939717384e-21)
(0.6080541544 -0.3231797791 0)
(0.6576500789 -0.2919291262 1.629237856e-21)
(0.7014717941 -0.264070116 3.376771884e-21)
(0.7400393425 -0.2390257217 -6.864018887e-22)
(0.7715184878 -0.2200630787 0)
(0.3368106165 -0.7065044955 2.629210282e-21)
(0.4378926532 -0.6258353334 -2.475101557e-21)
(0.5233801342 -0.5564816338 2.022192375e-21)
(0.595617251 -0.4963955741 3.021575803e-21)
(0.6561152106 -0.4440426908 3.12975861e-21)
(0.7059036567 -0.3982692133 2.161934365e-21)
(0.7458714292 -0.3581866548 1.935106704e-21)
(0.7770296599 -0.3230854843 0)
(0.8006442433 -0.2923804684 0)
(0.7715184878 -0.2200630787 0)
(0.4501867331 -0.8367194632 0)
(0.5203049913 -0.7498196942 -1.989251909e-21)
(0.5787831615 -0.6751961896 4.57481582e-21)
(0.6281187316 -0.6102249923 0)
(0.6705136021 -0.5527166407 2.699937622e-21)
(0.7078996626 -0.500899703 5.086795601e-21)
(0.7418661181 -0.4534384095 -2.509984766e-21)
(0.7735534071 -0.4094404011 0)
(0.8035701668 -0.3684246717 -2.34825315e-21)
(0.8501186796 -0.310455711 0)
(0.5916737939 -0.9327872791 -4.151773821e-21)
(0.6537660944 -0.8315320586 -4.627890735e-21)
(0.7060085433 -0.7447481927 3.334249143e-21)
(0.7507541332 -0.6697836058 2.220984663e-21)
(0.7899514853 -0.604517699 3.040034035e-21)
(0.8251490623 -0.5471590229 -3.212663185e-21)
(0.857455757 -0.4961301322 -9.670269864e-21)
(0.887511334 -0.4500199995 0)
(0.9155075755 -0.4075885739 -1.076503248e-20)
(0.9741116105 -0.328295333 0)
(0.7625864013 -1.018270531 1.818258787e-23)
(0.8233489502 -0.8978497333 1.258833624e-21)
(0.8741312449 -0.7946025014 -1.985229153e-21)
(0.9161021925 -0.7057948654 0)
(0.9498281878 -0.6295455147 -5.963064739e-21)
(0.9755852417 -0.5645147186 -6.742950099e-21)
(0.9936894164 -0.5095936941 0)
(1.004766482 -0.4636408867 -1.11031487e-20)
(1.0098982 -0.4253093983 -5.599687044e-29)
(0.9741116105 -0.328295333 0)
(0.928142626 -1.089252665 -1.450858425e-23)
(0.9554985161 -0.9729733853 0)
(0.9778703627 -0.8730729946 6.050270227e-23)
(0.9966317201 -0.7859296533 4.013004476e-21)
(1.012987618 -0.7085828471 1.372664054e-20)
(1.027940069 -0.6387137246 9.488853121e-21)
(1.042216017 -0.5746812887 0)
(1.056222833 -0.515528421 -6.780218376e-21)
(1.070057521 -0.4608980112 3.542008392e-21)
(1.131366967 -0.4413764818 0)
(1.115603107 -1.11862899 -5.742581789e-21)
(1.135747441 -0.9887063412 0)
(1.1524147 -0.8773401534 4.796131491e-21)
(1.166264596 -0.7810714601 4.421138626e-21)
(1.177743576 -0.6972598457 9.69431327e-21)
(1.187218115 -0.6237942599 4.219489075e-21)
(1.195066624 -0.5588939955 0)
(1.201698744 -0.5010134188 3.935025365e-21)
(1.207506933 -0.4488374613 3.813381972e-21)
(1.237628679 -0.3712690233 0)
(1.298118435 -1.131844584 5.834943184e-21)
(1.291024732 -1.008613109 0)
(1.284248107 -0.9035083644 -5.296773716e-21)
(1.278164038 -0.8129135354 -3.668370934e-21)
(1.273241265 -0.7338872728 -9.304726839e-21)
(1.269899236 -0.6640302923 -4.732854644e-21)
(1.268346721 -0.6014252743 0)
(1.268471041 -0.5445935152 -4.466364562e-21)
(1.269836902 -0.4924466284 -4.355138684e-21)
(1.325399805 -0.4658050656 0)
(1.497011968 -1.107136852 -1.525383376e-23)
(1.483256908 -0.9703923378 0)
(1.471487269 -0.853197186 -3.201495527e-21)
(1.461130088 -0.7521587939 -4.254053744e-21)
(1.451415605 -0.6649957824 -1.030285485e-20)
(1.441474777 -0.590165961 -1.082559659e-20)
(1.430521717 -0.5265069569 0)
(1.418072202 -0.4729239592 6.999443586e-21)
(1.404124614 -0.4281685131 2.664326561e-21)
(1.369277503 -0.3647980058 0)
(1.687285813 -1.070123314 1.26714347e-23)
(1.648053475 -0.9456797919 -8.762076941e-22)
(1.613769349 -0.8396663106 4.751177011e-21)
(1.583081591 -0.7485566529 0)
(1.554973992 -0.6695363043 0)
(1.52885664 -0.6003209896 0)
(1.504605034 -0.5390478543 0)
(1.482496872 -0.4842356489 1.073362686e-20)
(1.463021776 -0.4347875852 -8.925774989e-29)
(1.477336843 -0.3671081121 0)
(1.851103814 -0.9982883311 7.341748561e-21)
(1.78574639 -0.8957886497 7.38529514e-21)
(1.730354266 -0.808007546 -6.466536564e-21)
(1.683949033 -0.7309668956 -1.253931118e-21)
(1.646030878 -0.6612173214 -5.986187281e-21)
(1.616267393 -0.5958825361 -5.795839222e-21)
(1.59416544 -0.5328415883 5.632148492e-21)
(1.578804892 -0.4709003194 0)
(1.568708944 -0.4098411198 1.090799938e-20)
(1.57333844 -0.338212075 0)
(2.024199936 -0.8815273137 0)
(1.956706104 -0.7612516212 7.077939146e-21)
(1.899966921 -0.6586959521 -6.748903164e-21)
(1.851873344 -0.571312077 0)
(1.810576187 -0.4975890498 -6.231234815e-21)
(1.774368486 -0.4365714099 -1.214829749e-20)
(1.74166777 -0.3873835198 5.853694905e-21)
(1.711071758 -0.3488467582 0)
(1.681473062 -0.3192592308 1.117836955e-20)
(1.57333844 -0.338212075 0)
(2.182652901 -0.7680534787 -7.837317495e-21)
(2.094676163 -0.671522269 7.452762391e-21)
(2.020217459 -0.5891024686 -9.92999698e-22)
(1.956391528 -0.5180273359 4.25614145e-21)
(1.900863217 -0.4562621483 -1.557592028e-21)
(1.851806764 -0.402329096 -6.318225611e-21)
(1.807912585 -0.3551230365 -6.197455817e-21)
(1.768408944 -0.3137133511 0)
(1.733052629 -0.2771617727 0)
(1.67548595 -0.2726832702 0)
(2.307064427 -0.6255872852 -8.17080682e-21)
(2.203539852 -0.5532427399 8.124635816e-21)
(2.116037202 -0.4915753301 6.861563988e-22)
(2.041200852 -0.4382174238 7.932679436e-21)
(1.976414773 -0.3912870833 1.08340694e-21)
(1.919764441 -0.3492508341 0)
(1.870005434 -0.3108668287 -6.351202085e-21)
(1.8264906 -0.2751966972 1.552766898e-21)
(1.789017588 -0.2416518082 3.042541356e-21)
(1.767254517 -0.2469886748 0)
(2.386809711 -0.4666299658 -4.144329491e-21)
(2.270314452 -0.4296820928 1.642408119e-28)
(2.172748227 -0.3983274738 -3.741023163e-21)
(2.091094562 -0.3701725298 -1.521018977e-22)
(2.023202883 -0.3427804396 -3.476081883e-21)
(1.967408048 -0.31386864 0)
(1.922208704 -0.281659693 -6.692016723e-22)
(1.886032967 -0.2452355202 3.203768113e-21)
(1.857128725 -0.2047658863 -2.147932957e-23)
(1.802848871 -0.1637089456 0)
(2.456784569 -0.2683503313 -2.051700421e-21)
(2.339139783 -0.215460661 1.032857338e-22)
(2.240987036 -0.1702460794 -6.018024691e-21)
(2.158891322 -0.1322651308 -4.14714584e-22)
(2.09021364 -0.1017516545 -4.014362014e-21)
(2.032782984 -0.07921266491 6.357960573e-22)
(1.984666818 -0.06496300069 -5.717809899e-22)
(1.944035919 -0.05872170007 0)
(1.909137839 -0.05937361543 -1.594058009e-21)
(1.802848871 -0.1637089456 0)
(2.507813177 -0.09142511734 2.114705209e-21)
(2.384545546 -0.07404867565 -1.662314332e-23)
(2.281324234 -0.05864603116 -1.930297444e-21)
(2.193974957 -0.04478420246 -3.505482101e-23)
(2.119219493 -0.03239204622 -8.611472055e-23)
(2.054567615 -0.02171076923 1.68641675e-21)
(1.998260525 -0.01316110861 0)
(1.949216461 -0.007124074436 0)
(1.906925775 -0.003685879691 1.489906539e-21)
(1.841838777 -0.009567688444 0)
)
;

boundaryField
{
    oversetFaces
    {
        type            overset;
        coupledFringe   yes;
        setHoleCellValue yes;
        holeCellValue   (0 0 0);
        value           nonuniform 0();
    }
    in
    {
        type            fixedValue;
        value           uniform (1 0 0);
    }
    out
    {
        type            zeroGradient;
    }
    top
    {
        type            fixedValue;
        value           uniform (0 0 0);
    }
    bottom
    {
        type            fixedValue;
        value           uniform (0 0 0);
    }
    cylinder
    {
        type            fixedValue;
        value           uniform (0 0 0);
    }
    outerCylinder
    {
        type            zeroGradient;
    }
    frontAndBack
    {
        type            empty;
    }
}


// ************************************************************************* //
