/*--------------------------------*- C++ -*----------------------------------*\
| =========                 |                                                 |
| \\      /  F ield         | OpenFOAM Extend Project: Open source CFD        |
|  \\    /   O peration     | Version:  1.6-ext                               |
|   \\  /    A nd           | Web:      www.extend-project.de                 |
|    \\/     M anipulation  |                                                 |
\*---------------------------------------------------------------------------*/
FoamFile
{
    version     2.0;
    format      ascii;
    class       surfaceScalarField;
    location    "0";
    object      phi;
}
// * * * * * * * * * * * * * * * * * * * * * * * * * * * * * * * * * * * * * //

dimensions      [0 3 -1 0 0 0 0];

internalField   nonuniform List<scalar> 
5170
(
0.002007579011
-5.579010883e-06
0.00201347167
-5.892659095e-06
0.002020006835
-6.535164535e-06
0.002027543978
-7.537143338e-06
0.002036488888
-8.944909892e-06
0.002047309539
-1.082065109e-05
0.002060551783
-1.324224388e-05
0.002076854464
-1.630268179e-05
0.002096964448
-2.010998348e-05
0.002121755496
-2.479104765e-05
0.002152264409
-3.050891334e-05
0.002189778303
-3.751389405e-05
0.002236039981
-4.626167819e-05
0.002293660691
-5.762070985e-05
0.0023667336
-7.307290874e-05
0.002461151356
-9.441775574e-05
0.002582975945
-0.0001218245896
0.002732731914
-0.0001497559685
0.002900846213
-0.0001681142998
0.003086820946
-0.000185974733
0.003274538315
-0.0001877173687
0.00348749285
-0.0002129545351
0.003666111192
-0.0001786183414
0.00386360694
-0.0001974957488
0.003860920786
2.686154414e-06
0.003863616016
-2.695230244e-06
0.0036661317
0.0001974843166
0.003487526751
0.000178604949
0.003274589661
0.0002129370897
0.00308689382
0.0001876958404
0.002900945851
0.0001859479699
0.002732865111
0.0001680807394
0.002583151322
0.0001497137891
0.002461378632
0.0001217726898
0.002367025443
9.435318897e-05
0.002294034254
7.299118942e-05
0.002236517968
5.751628583e-05
0.002190390094
4.612787365e-05
0.002153047575
3.734251927e-05
0.002122757858
3.028971669e-05
0.002098246798
2.451106047e-05
0.002078494068
1.975273001e-05
0.002062646861
1.584720725e-05
0.002049984959
1.266190185e-05
0.00203990338
1.008157902e-05
0.002031899269
8.004110399e-06
0.002025559193
6.340076627e-06
0.002020546457
5.012735778e-06
0.002016588994
3.957463466e-06
0.002013468307
3.120686383e-06
0.002011009773
2.45853433e-06
0.002009074352
1.935420577e-06
0.002007551667
1.522685362e-06
0.002006354293
1.19737391e-06
0.002005413114
9.411791022e-07
0.002004673566
7.395484044e-07
0.002004092621
5.809441177e-07
0.002003636384
4.562371154e-07
0.00200327817
3.582141155e-07
0.002002996987
2.811831671e-07
0.002002776329
2.206579462e-07
0.002002603225
1.73103813e-07
0.002002467488
1.357368294e-07
0.002002361122
1.063669152e-07
0.002002277852
8.326955325e-08
0.002002212766
6.508595315e-08
0.00200216202
5.074620364e-08
0.002002122615
3.940500698e-08
0.002002092221
3.039387696e-08
0.00200206904
2.318085529e-08
0.002002051701
1.733929498e-08
0.002002039177
1.252408671e-08
0.002002030726
8.45054566e-09
0.002002025848
4.878140988e-09
1.594738185e-09
0.002007243781
-1.082279174e-05
0.002012785038
-1.143391627e-05
0.002018936314
-1.268644075e-05
0.002026040641
-1.46414706e-05
0.002034487573
-1.739184147e-05
0.002044729865
-2.106294293e-05
0.002057300456
-2.581283526e-05
0.00207282881
-3.183103571e-05
0.002092055019
-3.933619271e-05
0.002115840121
-4.857614928e-05
0.00214517451
-5.984330267e-05
0.002181201163
-7.354054703e-05
0.002225315719
-9.037623415e-05
0.002279513346
-0.0001118183368
0.002347316748
-0.000140876311
0.002435505685
-0.0001826066923
0.00255493265
-0.0002412515541
0.00271216841
-0.0003069917292
0.002885370036
-0.0003413159258
0.003084811738
-0.0003854164348
0.003258230345
-0.0003611359757
0.003495503477
-0.0004502276669
0.00370811597
-0.0003912308351
0.003990361545
-0.0004797413229
0.003907823924
8.522377478e-05
0.003990368568
-8.523987373e-05
0.003708133402
0.0004797194824
0.003495534322
0.0003912040289
0.003258277477
0.0004501939348
0.003084878767
0.0003610945504
0.002885462446
0.0003853642907
0.00271229306
0.0003412501254
0.002555097918
0.0003069089309
0.002435719375
0.0002411512334
0.002347590148
0.0001824824161
0.002279862608
0.0001407187288
0.002225762382
0.0001116165122
0.002181772979
9.01172768e-05
0.002145906829
7.32086687e-05
0.002116777848
5.941869824e-05
0.00209325519
4.803371806e-05
0.002074363904
3.864401628e-05
0.002059262611
3.094850055e-05
0.002047236234
2.468827886e-05
0.002037687121
1.963069134e-05
0.002030122754
1.556847732e-05
0.00202414169
1.232114082e-05
0.002019419454
9.734971945e-06
0.00201569545
7.681467934e-06
0.002012761401
6.054734979e-06
0.002010451473
4.768462158e-06
0.00200863401
3.752883741e-06
0.002007204729
2.95196651e-06
0.002006081177
2.320925414e-06
0.002005198257
1.82409905e-06
0.002004504631
1.433175157e-06
0.002003959848
1.125726682e-06
0.002003532065
8.840197534e-07
0.002003196227
6.940522323e-07
0.00200293263
5.447808307e-07
0.002002725785
4.27502357e-07
0.002002563527
3.35362156e-07
0.002002436299
2.629646953e-07
0.002002336603
2.060629697e-07
0.002002258558
1.61314091e-07
0.002002197558
1.260868105e-07
0.002002149997
9.830681406e-08
0.002002113066
7.63361369e-08
0.002002084581
5.887909659e-08
0.002002062856
4.490512909e-08
0.002002046607
3.35889969e-08
0.002002034869
2.426185695e-08
0.002002026948
1.637130288e-08
0.002002022376
9.450073783e-09
3.088879667e-09
0.00200659046
-1.541325148e-05
0.002011446135
-1.628959174e-05
0.002016846825
-1.808713031e-05
0.002023102121
-2.089676658e-05
0.00203056784
-2.485756109e-05
0.002039664111
-3.015921331e-05
0.002050895115
-3.704383983e-05
0.002064869428
-4.58053487e-05
0.002082317302
-5.678406641e-05
0.002104095884
-7.035473153e-05
0.002131163884
-8.691130285e-05
0.002164497364
-0.0001068740261
0.002204936366
-0.0001308152362
0.0022531122
-0.0001599941716
0.002310235495
-0.0001979996052
0.002382096253
-0.0002544674502
0.00248918974
-0.0003483450415
0.002666724405
-0.000484526394
0.002853307334
-0.0005278988555
0.003096664887
-0.000628773987
0.003231625798
-0.0004960968873
0.003378896114
-0.0005974979823
0.003963774699
-0.0009761094203
0.004147408432
-0.0006633750557
0.004094360506
0.000138271701
0.004147412054
-0.0001382914224
0.003963781382
0.000663350155
0.003378925279
0.0009760601311
0.003231664327
0.0005974548875
0.003096719312
0.0004960395649
0.002853384907
0.0006286986964
0.002666833163
0.0005278018693
0.002489336781
0.0004844053121
0.002382283981
0.0003482040334
0.002310472935
0.0002542934621
0.002253414073
0.0001977775907
0.002205322124
0.0001597084616
0.002164991608
0.0001304477924
0.002131797626
0.000106402651
0.002104908342
8.630798231e-05
0.002083358214
6.958384603e-05
0.002066201976
5.580025381e-05
0.00205259963
4.455084722e-05
0.002041842771
3.544513807e-05
0.002033350642
2.812281969e-05
0.002026654457
2.226466238e-05
0.002021379102
1.759649582e-05
0.002017225972
1.388810204e-05
0.002013958146
1.094929361e-05
0.002011388071
8.62481031e-06
0.002009367518
6.789015657e-06
0.002007779486
5.340915639e-06
0.002006531718
4.199734122e-06
0.002005551527
3.301116175e-06
0.002004781683
2.593943671e-06
0.002004177149
2.037709128e-06
0.002003702503
1.600371969e-06
0.002003329896
1.256626751e-06
0.002003037437
9.865115818e-07
0.002002807926
7.742918709e-07
0.002002627854
6.075746921e-07
0.002002486611
4.766043949e-07
0.002002375872
3.737039906e-07
0.002002289103
2.928326207e-07
0.00200222118
2.292364263e-07
0.002002168093
1.791738101e-07
0.002002126705
1.396953098e-07
0.002002094567
1.084734459e-07
0.00200206978
8.366657091e-08
0.002002050875
6.380956914e-08
0.002002036735
4.77292832e-08
0.002002026522
3.447517012e-08
0.00200201963
2.326286939e-08
0.002002015652
1.342840408e-08
4.389420403e-09
0.0020056533
-1.906655101e-05
0.002009523885
-2.016017683e-05
0.002013842443
-2.240568873e-05
0.002018867411
-2.592173463e-05
0.002024901273
-3.089142273e-05
0.002032309903
-3.756784354e-05
0.002041545999
-4.627993629e-05
0.002053176969
-5.74363179e-05
0.002067915009
-7.152210633e-05
0.002086639058
-8.907878073e-05
0.002110376621
-0.0001106488657
0.002140161744
-0.0001366591492
0.002176582276
-0.0001672357684
0.002218715735
-0.0002021276312
0.002262549512
-0.0002418333816
0.002302776168
-0.0002946941062
0.002359017428
-0.0004045863017
0.002568905474
-0.00069441444
0.002821937191
-0.0007809305725
0.003104975921
-0.0009118127171
0.003560529289
-0.0009516502558
0.00362472831
-0.0006616970026
0
-0
0
-0
0
0
0
-0
0
0
0.003624750255
0
0.003560546695
0.0006616584476
0.003105007538
0.0009515787226
0.002821989547
0.0009117166868
0.002568996394
0.0007807950227
0.002359143011
0.0006942586947
0.002302927172
0.0004044198721
0.002262734763
0.0002944858711
0.002218949351
0.0002415630027
0.002176880955
0.0002017768579
0.002140545484
0.0001667832633
0.002110870132
0.0001360780037
0.002087273393
0.0001099047211
0.002068729482
8.812775655e-05
0.002054221509
7.030822748e-05
0.002042884105
5.58882504e-05
0.002034022399
4.430684424e-05
0.002027091085
3.50541343e-05
0.00202166565
2.769009719e-05
0.002017416165
2.184598016e-05
0.002014085997
1.721827021e-05
0.002011475206
1.356008468e-05
0.002009427772
1.067224484e-05
0.002007821775
8.395012546e-06
0.002006561838
6.600851955e-06
0.002005573285
5.188287887e-06
0.002004797604
4.076796566e-06
0.002004188933
3.202614753e-06
0.002003711307
2.515335307e-06
0.002003336516
1.975162997e-06
0.002003042429
1.550713946e-06
0.002002811683
1.217257852e-06
0.002002630653
9.553210977e-07
0.002002488652
7.495764154e-07
0.00200237729
5.879655488e-07
0.002002289991
4.610030668e-07
0.002002221596
3.612277701e-07
0.002002168062
2.827709365e-07
0.002002126223
2.210123237e-07
0.002002093606
1.723124533e-07
0.00200206828
1.337992823e-07
0.002002048747
1.03199425e-07
0.002002033851
7.870591566e-08
0.002002022709
5.887136782e-08
0.002002014661
4.252280503e-08
0.002002009231
2.869301462e-08
0.002002006096
1.656309705e-08
5.414185289e-09
0.002004483316
-2.154986675e-05
0.002007121491
-2.279835206e-05
0.002010080537
-2.536473458e-05
0.002013549922
-2.939111967e-05
0.002017757371
-3.509887222e-05
0.002022987923
-4.279839565e-05
0.002029609685
-5.290169811e-05
0.002038109636
-6.593626871e-05
0.00204914338
-8.255585024e-05
0.002063600622
-0.0001035360233
0.002082674799
-0.0001297230426
0.002107872127
-0.0001618564767
0.002140706208
-0.0002000698497
0.002181172729
-0.0002425941518
0.002221998151
-0.0002826588038
0.002231144972
-0.0003038409277
0.00213332542
-0.000306766749
0.002199470647
-0.0007605596671
0.003137122819
-0.001718582745
0.003029068997
-0.0008037588945
0
-0
0
-0
0
-0
0
-0
0
-0
0
0
0
0
0
0
0
0
0.003029051396
0
0.003137121301
0.0008036467823
0.002199570417
0.001718345907
0.002133432362
0.0007603967499
0.002231246888
0.0003066053452
0.00222211556
0.0003036171999
0.002181320353
0.0002823582095
0.002140896687
0.0002422005238
0.002108119219
0.0001995607313
0.002082995155
0.0001612020678
0.002064015092
0.0001288847844
0.002049678348
0.0001024645001
0.002038798621
8.118795425e-05
0.002030495348
6.419152331e-05
0.00202412463
5.067756238e-05
0.002019214467
3.99642978e-05
0.00201541593
3.148863433e-05
0.00201246856
2.479335007e-05
0.002010176168
1.951066225e-05
0.002008389817
1.534643558e-05
0.002006995706
1.206635607e-05
0.002005906414
9.484303977e-06
0.002005054496
7.452770075e-06
0.002004387734
5.855049447e-06
0.002003865589
4.598942186e-06
0.002003456512
3.611691482e-06
0.002003135912
2.835935362e-06
0.002002884591
2.22648425e-06
0.002002687545
1.747760282e-06
0.002002533036
1.371765886e-06
0.00200241188
1.076477186e-06
0.002002316882
8.445751089e-07
0.002002242405
6.624421535e-07
0.002002184036
5.193723716e-07
0.002002138314
4.069490928e-07
0.002002102533
3.185523904e-07
0.002002074573
2.489727088e-07
0.002002052777
1.94107786e-07
0.002002035856
1.507210545e-07
0.002002022805
1.162503556e-07
0.002002012852
8.865871477e-08
0.002002005408
6.631538727e-08
0.002002000031
4.789923404e-08
0.002001996404
3.232052353e-08
0.00200199431
1.865677087e-08
6.098508606e-09
0.002003147118
-2.269698514e-05
0.002004374544
-2.402577794e-05
0.00200577019
-2.676037981e-05
0.002007438291
-3.105922143e-05
0.002009510623
-3.717120369e-05
0.002012162177
-4.544995012e-05
0.002015634548
-5.63740693e-05
0.002020272636
-7.057435679e-05
0.002026584991
-8.886820449e-05
0.002035346828
-0.0001122978609
0.002047780298
-0.0001421565119
0.002065873919
-0.0001799500984
0.002092960819
-0.0002271567494
0.002134796875
-0.0002844302075
0.002200784442
-0.000348646371
0.002290259966
-0.000393316452
0.002176219678
-0.0001927264607
0.0008876177105
0.0005280423003
0
-0
0
-0
0
-0
0
-0
0
-0
0
-0
0
-0
0
0
0
0
0
0
0
0
0
0
0
0
0.0008878176976
0
0.002176275918
-0.0005280614702
0.00229028782
0.0001925934426
0.002200819243
0.000393085777
0.002134845812
0.0003483316406
0.00209302888
0.0002840174557
0.002065966885
0.0002266227264
0.00204790546
0.0001792634925
0.002035513453
0.0001412767913
0.002026804847
0.0001111731067
0.002020560694
8.74321068e-05
0.0020160099
6.874231782e-05
0.002012649228
5.40382344e-05
0.002010140643
4.247288301e-05
0.002008251436
3.337784058e-05
0.002006818147
2.622663889e-05
0.002005724029
2.060478082e-05
0.002004884517
1.618594759e-05
0.00200423761
1.271326342e-05
0.002003737362
9.984551665e-06
0.002003349409
7.840722549e-06
0.002003047838
6.156621259e-06
0.002002812968
4.833811538e-06
0.00200262977
3.794889561e-06
0.002002486703
2.979002717e-06
0.002002374868
2.338318896e-06
0.002002287383
1.835245281e-06
0.002002218908
1.440240816e-06
0.002002165291
1.130094211e-06
0.002002123298
8.86568207e-07
0.002002090407
6.953336777e-07
0.002002064647
5.451321232e-07
0.002002044481
4.271151381e-07
0.002002028707
3.343265917e-07
0.002002016384
2.612950919e-07
0.002002006781
2.037110007e-07
0.002001999327
1.581751599e-07
0.00200199358
1.219976269e-07
0.002001989197
9.304083901e-08
0.00200198592
6.959317873e-08
0.002001983552
5.026663423e-08
0.002001981955
3.391767599e-08
0.002001981033
1.957850352e-08
6.399660416e-09
0.002001724419
-2.242140444e-05
0.002001446285
-2.374764397e-05
0.002001165867
-2.647996133e-05
0.002000889877
-3.078323136e-05
0.0020006369
-3.691822685e-05
0.002000446133
-4.525918281e-05
0.002000392021
-5.631995732e-05
0.002000609772
-7.079210818e-05
0.002001342126
-8.960055836e-05
0.002003029532
-0.0001139852674
0.002006486901
-0.0001456138806
0.002013224734
-0.0001866879315
0.002025881894
-0.0002398139095
0.002048396407
-0.0003069447205
0.002087725762
-0.0003879757257
0.002202603708
-0.0005081943976
0.003086908573
-0.001077031326
0
-0
0
-0
0
-0
0
-0
0
-0
0
-0
0
0
0
0
0
0
0
0
0
0
0
0
0
0
0
0
0
0
0.003086770725
0
0.002202552333
0.001076811835
0.002087676653
0.0005079614563
0.002048342981
0.0003876653129
0.002025821937
0.0003065384995
0.002013156059
0.000239288604
0.002006407152
0.0001860124002
0.002002935881
0.0001447480623
0.002001230997
0.0001128779901
0.002000476617
8.81864868e-05
0.002000231088
6.898784688e-05
0.002000250212
5.401911047e-05
0.002000397025
4.232606997e-05
0.002000594994
3.317987162e-05
0.002000802494
2.601913913e-05
0.002000998207
2.040906836e-05
0.002001172509
1.601164528e-05
0.002001322333
1.256343923e-05
0.002001448106
9.858778533e-06
0.002001551955
7.736873629e-06
0.00200163668
6.071896002e-06
0.002001705192
4.765299527e-06
0.002001760224
3.739858284e-06
0.002001804201
2.935025636e-06
0.002001839205
2.303314319e-06
0.002001866982
1.807468743e-06
0.002001888969
1.418253893e-06
0.002001906339
1.112724308e-06
0.002001920039
8.728679662e-07
0.002001930829
6.845431967e-07
0.002001939317
5.366440625e-07
0.002001945986
4.204469575e-07
0.002001951216
3.290962227e-07
0.002001955311
2.57200239e-07
0.002001958507
2.005146122e-07
0.002001960992
1.556906667e-07
0.00200196291
1.20079761e-07
0.002001964373
9.157745153e-08
0.002001965468
6.849778724e-08
0.00200196626
4.947535601e-08
0.002001966794
3.338382266e-08
0.002001967102
1.927019596e-08
6.298928446e-09
0.002000303946
-2.072535026e-05
0.001998519338
-2.196303652e-05
0.0019965548
-2.451542284e-05
0.001994313596
-2.854202778e-05
0.001991691774
-3.429640469e-05
0.001988577525
-4.214493412e-05
0.001984852721
-5.259515285e-05
0.001980398589
-6.633797578e-05
0.001975111258
-8.431322828e-05
0.001968947712
-0.0001078217208
0.001962079462
-0.0001387456306
0.001955428417
-0.0001800368863
0.001952409234
-0.0002367947262
0.001963268927
-0.0003178044142
0.002005110697
-0.0004298174958
0.001990542316
-0.0004936260157
0.001827955322
-0.0009144443319
0
-0
0
-0
0
-0
0
-0
0
0
0
0
0
0
0
0
0
0
0
0
0
0
0
0
0
0
0
0
0
0
0.001827873103
0
0.001990433485
0.0009142514533
0.002004976301
0.0004934186403
0.001963114571
0.0004295270427
0.00195222353
0.0003174295407
0.001955200667
0.0002363114665
0.001961797881
0.0001794151868
0.001968597648
0.0001379482949
0.00197467403
0.0001068016077
0.001979850369
8.301014848e-05
0.001984163192
6.467502388e-05
0.001987708178
5.047412376e-05
0.001990593757
3.944049125e-05
0.001992925005
3.084862385e-05
0.001994797293
2.414685141e-05
0.001996293934
1.891242729e-05
0.001997485842
1.481973651e-05
0.001998432255
1.161702662e-05
0.001999181964
9.109069626e-06
0.001999774735
7.144102716e-06
0.002000242715
5.603916319e-06
0.002000611728
4.396285959e-06
0.002000902421
3.449165337e-06
0.002001131235
2.70621131e-06
0.002001311226
2.123323447e-06
0.002001452735
1.665960177e-06
0.002001563937
1.307051895e-06
0.002001651286
1.025375069e-06
0.002001719871
8.042832849e-07
0.002001773698
6.307158131e-07
0.002001815921
4.944214705e-07
0.002001849017
3.873512136e-07
0.002001874931
3.031816577e-07
0.00200189519
2.369412731e-07
0.002001910988
1.847168149e-07
0.002001923256
1.434220174e-07
0.00200193272
1.106162716e-07
0.002001939938
8.435946271e-08
0.002001945337
6.309850083e-08
0.002001949238
4.557502131e-08
0.002001951869
3.07519374e-08
0.002001953388
1.775146107e-08
5.802532085e-09
0.001998977884
-1.770323441e-05
0.001995784172
-1.876932429e-05
0.001992238483
-2.096973401e-05
0.001988142595
-2.444613973e-05
0.001983270821
-2.942463022e-05
0.001977359441
-3.623355428e-05
0.00197009441
-4.533012259e-05
0.001961095153
-5.733871868e-05
0.00194988793
-7.310600507e-05
0.001935850248
-9.378403906e-05
0.001918079827
-0.0001209752091
0.001895108322
-0.0001570653815
0.001864588753
-0.0002062751568
0.001825634495
-0.0002788501562
0.001806314063
-0.0004104970647
0.00207591683
-0.0007632287827
0
-0
0
-0
0
-0
0
-0
0
0
0
0
0
0
0
0
0
0
0
0
0
0
0
0
0
0
0
0
0
0
0
0
0
0
0.0020756793
0
0.001806114438
0.000762983502
0.001825394068
0.000410247413
0.001864288735
0.0002785348735
0.001894734004
0.000205866198
0.001917612033
0.0001565371576
0.001935263691
0.0001202966363
0.001949149988
9.291531077e-05
0.001960164154
7.199598304e-05
0.00196891729
5.592188784e-05
0.001975868696
4.352271717e-05
0.00198138061
3.39285778e-05
0.001985743779
2.648545454e-05
0.00198919235
2.069828055e-05
0.001991914502
1.619027517e-05
0.001994060942
1.26732967e-05
0.001995751938
9.926030596e-06
0.001997083171
7.777836478e-06
0.001998130566
6.096708372e-06
0.001998954242
4.780240098e-06
0.001999601726
3.748801587e-06
0.002000110538
2.940353628e-06
0.002000510263
2.306485809e-06
0.002000824213
1.809374169e-06
0.002001070737
1.419435487e-06
0.002001264277
1.113512711e-06
0.002001416185
8.734667407e-07
0.002001535387
6.850809936e-07
0.002001628895
5.372076135e-07
0.002001702216
4.211011045e-07
0.00200175967
3.298972071e-07
0.002001804646
2.5820489e-07
0.002001839801
2.017867427e-07
0.00200186721
1.573079509e-07
0.002001888493
1.221389966e-07
0.002001904909
9.420039159e-08
0.002001917429
7.183965407e-08
0.002001926794
5.373355666e-08
0.002001933558
3.881088201e-08
0.002001938122
2.618795097e-08
0.002001940756
1.511674244e-08
4.941348759e-09
0.001997835331
-1.353856514e-05
0.001993425408
-1.435940152e-05
0.00198851051
-1.60548363e-05
0.001982801142
-1.873677172e-05
0.001975961017
-2.258450483e-05
0.001967587359
-2.785989634e-05
0.001957187318
-3.493008208e-05
0.001944148484
-4.429988389e-05
0.001927698729
-5.66562504e-05
0.001906841578
-7.29268881e-05
0.001880226591
-9.436022222e-05
0.001845848587
-0.0001226873778
0.00180035829
-0.0001607848592
0.001737760287
-0.0002162521531
0.001647671561
-0.0003204083387
0.001507341416
-0.0006228986376
0
-0
0
-0
0
-0
0
-0
0
0
0
0
0
0
0
0
0
0
0
0
0
0
0
0
0
0
0
0
0
0
0
0
0
0
0.001507159587
0
0.001647424137
0.0006227189526
0.001737440768
0.0003202307813
0.001799957318
0.0002160183239
0.001845347841
0.0001604756752
0.001879599533
0.0001222854651
0.001906053284
9.384288541e-05
0.001926704439
7.226415617e-05
0.001942891188
5.580923378e-05
0.001955594477
4.321859913e-05
0.00196556665
3.355054411e-05
0.001973394909
2.610031857e-05
0.001979539977
2.034038601e-05
0.001984363695
1.587456288e-05
0.001988150196
1.240377439e-05
0.001991122533
9.700959445e-06
0.001993455782
7.59278161e-06
0.001995287354
5.946264372e-06
0.001996725103
4.658959636e-06
0.001997853687
3.651655937e-06
0.001998739563
2.862925612e-06
0.001999434901
2.245015664e-06
0.001999980658
1.76072932e-06
0.002000408986
1.381045598e-06
0.002000745129
1.083292622e-06
0.002001008902
8.497396762e-07
0.00200121586
6.665085876e-07
0.002001378212
5.22728749e-07
0.00200150554
4.098800822e-07
0.00200160536
3.212812245e-07
0.002001683568
2.516895194e-07
0.002001744784
1.969886017e-07
0.002001792627
1.539435614e-07
0.002001829926
1.200089023e-07
0.002001858887
9.317778971e-08
0.002001881224
7.186326614e-08
0.00200189826
5.48043749e-08
0.002001911002
4.099159508e-08
0.002001920205
2.96073877e-08
0.002001926416
1.997753248e-08
0.002001930001
1.153171388e-08
3.76947294e-09
0.001996955391
-8.493955953e-06
0.001991607412
-9.011422599e-06
0.001985633407
-1.008083145e-05
0.001978670736
-1.177410062e-05
0.001970293152
-1.420692043e-05
0.001959982552
-1.754929633e-05
0.001947094145
-2.204167582e-05
0.001930812629
-2.801836714e-05
0.001910095034
-3.593865581e-05
0.001883584573
-4.64164274e-05
0.001849416365
-6.019201445e-05
0.00180450527
-7.777628195e-05
0.001741248862
-9.752845171e-05
0.00163142207
-0.0001064253612
0.001347133197
-3.61194656e-05
0.001167080049
-0.0004428454892
0
-0
0
-0
0
-0
0
0
0
0
0
0
0
0
0
0
0
0
0
0
0
0
0
0
0
0
0
0
0
0
0
0
0
0
0.001166896725
0
0.001346885171
0.0004427305067
0.001631044889
3.607106347e-05
0.001740769999
0.0001062932141
0.001803907473
9.733820065e-05
0.001848667549
7.752538978e-05
0.001882642248
5.986818634e-05
0.001908905058
4.600134558e-05
0.001929306229
3.54080634e-05
0.001945183866
2.734096204e-05
0.001957557064
2.11773462e-05
0.001967210636
1.64467463e-05
0.001974750442
1.280058007e-05
0.001980644871
9.980133357e-06
0.00198525667
7.791975731e-06
0.001988867316
6.090313444e-06
0.001991695648
4.764449193e-06
0.001993912106
3.729807034e-06
0.001995649633
2.9214324e-06
0.001997012062
2.289226781e-06
0.001998080573
1.794415022e-06
0.001998918688
1.406900784e-06
0.001999576147
1.103270161e-06
0.002000091919
8.652738937e-07
0.002000496544
6.786667243e-07
0.002000813969
5.323153587e-07
0.002001062967
4.175099704e-07
0.002001258265
3.274311334e-07
0.002001411409
2.567358166e-07
0.002001531455
2.012351537e-07
0.002001625502
1.576430826e-07
0.002001699111
1.233798077e-07
0.002001756636
9.641819566e-08
0.002001801481
7.516342287e-08
0.002001836301
5.835824294e-08
0.002001863156
4.500845516e-08
0.002001883636
3.432414935e-08
0.002001898954
2.567308659e-08
0.002001910019
1.854309666e-08
0.002001917484
1.251189593e-08
0.002001921794
7.222271612e-09
2.360772606e-09
0.001996400553
-2.894508492e-06
0.00199046042
-3.071289643e-06
0.001983816327
-3.436738986e-06
0.001976057915
-4.015688615e-06
0.001966699183
-4.848188533e-06
0.001955143229
-5.993342084e-06
0.001940636842
-7.535288666e-06
0.001922210584
-9.592109505e-06
0.001898599903
-1.232797466e-05
0.0018681486
-1.596512419e-05
0.00182873279
-2.07762051e-05
0.001777943422
-2.698691313e-05
0.001714859193
-3.444422355e-05
0.001650906041
-4.247220857e-05
0.001672751219
-5.796464324e-05
0
-0
0
-0
0
-0
0
-0
0
0
0
0
0
0
0
0
0
0
0
0
0
0
0
0
0
0
0
0
0
0
0
0
0
0
0
0
0
0
0.001672324897
0
0.001650458287
5.793767356e-05
0.001714325071
4.242642933e-05
0.001777283734
3.437953781e-05
0.001827907572
2.690155196e-05
0.001867109793
2.066596497e-05
0.001897287345
1.582379434e-05
0.001920548103
1.21473046e-05
0.001938527625
9.361440073e-06
0.001952464016
7.240955623e-06
0.001963292895
5.617867686e-06
0.001971724248
4.369227078e-06
0.001978299719
3.404662292e-06
0.001983434621
2.65707367e-06
0.001987448805
2.076128731e-06
0.001990589516
1.62373871e-06
0.001993048451
1.270871867e-06
0.001994974613
9.952707794e-07
0.001996484048
7.797914334e-07
0.001997667285
6.111784965e-07
0.001998595033
4.791518528e-07
0.001999322585
3.757191363e-07
0.001999893204
2.946541391e-07
0.002000340772
2.310987181e-07
0.00200069183
1.812573629e-07
0.002000967179
1.421615365e-07
0.002001183122
1.114875105e-07
0.002001352443
8.741492334e-08
0.002001485162
6.851683966e-08
0.002001589131
5.367398128e-08
0.002001670503
4.200774116e-08
0.002001734093
3.282778145e-08
0.002001783666
2.559098577e-08
0.002001822155
1.986921781e-08
0.002001851839
1.532394967e-08
0.002001874477
1.168626769e-08
0.002001891409
8.740838234e-09
0.002001903639
6.313313477e-09
0.002001911891
4.259882972e-09
0.002001916654
2.458913316e-09
8.037536079e-10
0.001996210983
2.894508412e-06
0.001990068404
3.07128956e-06
0.001983194926
3.436738901e-06
0.001975163549
4.01568853e-06
0.001965467172
4.848188444e-06
0.001953480488
5.993341998e-06
0.001938409911
7.535288578e-06
0.001919225692
9.592109415e-06
0.001894569742
1.232797457e-05
0.001862639494
1.596512408e-05
0.001821087084
2.077620499e-05
0.001767113258
2.6986913e-05
0.001698224811
3.444422342e-05
0.001613280394
4.247220838e-05
0.001497351108
5.796464312e-05
0
0
0
0
0
0
0
0
0
0
0
0
0
0
0
0
0
0
0
0
0
0
0
0
0
0
0
0
0
0
0
0
0
-0
0
-0
0
-0
0.001496945548
-0
0.001612820895
-5.793767362e-05
0.001697673754
-4.242642937e-05
0.00176643283
-3.437953793e-05
0.001820235934
-2.690155205e-05
0.001861567864
-2.066596501e-05
0.001893215453
-1.582379438e-05
0.001917510062
-1.214730464e-05
0.001936232942
-9.361440115e-06
0.001950714853
-7.240955655e-06
0.001961950589
-5.617867718e-06
0.001970689043
-4.369227096e-06
0.001977498367
-3.404662302e-06
0.001982812515
-2.657073674e-06
0.001986964772
-2.076128732e-06
0.00199021225
-1.623738711e-06
0.001992753993
-1.270871869e-06
0.001994744535
-9.952707807e-07
0.001996304118
-7.797914331e-07
0.001997526475
-6.111784946e-07
0.001998484778
-4.791518479e-07
0.001999236217
-3.757191286e-07
0.001999825525
-2.946541291e-07
0.002000287722
-2.310987076e-07
0.002000650237
-1.812573564e-07
0.00200093456
-1.421615343e-07
0.002001157535
-1.114875087e-07
0.002001332365
-8.741492068e-08
0.002001469399
-6.851683567e-08
0.002001576747
-5.36739762e-08
0.002001660762
-4.200773518e-08
0.002001726418
-3.282777488e-08
0.0020017776
-2.559097897e-08
0.002001817338
-1.986921108e-08
0.002001847986
-1.53239433e-08
0.002001871359
-1.168626192e-08
0.00200188884
-8.740833246e-09
0.002001901467
-6.31330943e-09
0.002001909987
-4.259880003e-09
0.002001914904
-2.458911486e-09
-8.037529918e-10
0.001996400553
8.493955878e-06
0.00199046042
9.011422516e-06
0.001983816327
1.008083137e-05
0.001976057915
1.177410054e-05
0.001966699183
1.420692034e-05
0.001955143229
1.754929625e-05
0.001940636842
2.204167574e-05
0.001922210584
2.801836705e-05
0.001898599903
3.593865573e-05
0.0018681486
4.64164273e-05
0.00182873279
6.019201435e-05
0.001777943422
7.777628179e-05
0.001714859193
9.752845162e-05
0.001650906041
0.000106425361
0.001672751218
3.611946548e-05
0
0.0004428454891
0
0
0
0
0
0
0
0
0
0
0
0
0
0
0
0
0
0
0
0
0
0
0
0
0
0
0
0
0
0
0
-0
0
-0
0
-0
0.001672324897
-0.0004427305068
0.001650458287
-3.607106355e-05
0.001714325071
-0.0001062932141
0.001777283734
-9.733820074e-05
0.001827907572
-7.752538987e-05
0.001867109793
-5.986818643e-05
0.001897287345
-4.600134563e-05
0.001920548103
-3.540806345e-05
0.001938527625
-2.734096208e-05
0.001952464016
-2.117734623e-05
0.001963292895
-1.644674633e-05
0.001971724248
-1.280058009e-05
0.001978299719
-9.980133366e-06
0.001983434621
-7.791975727e-06
0.001987448805
-6.090313443e-06
0.001990589516
-4.764449194e-06
0.001993048451
-3.729807037e-06
0.001994974613
-2.921432402e-06
0.001996484048
-2.289226781e-06
0.001997667285
-1.794415021e-06
0.001998595033
-1.406900779e-06
0.001999322585
-1.103270154e-06
0.001999893204
-8.652738818e-07
0.002000340772
-6.786667097e-07
0.00200069183
-5.323153524e-07
0.002000967179
-4.175099723e-07
0.002001183122
-3.274311331e-07
0.002001352443
-2.567358147e-07
0.002001485162
-2.0123515e-07
0.002001589131
-1.576430776e-07
0.002001670503
-1.233798017e-07
0.002001734093
-9.641818913e-08
0.002001783666
-7.516341607e-08
0.002001822155
-5.835823624e-08
0.002001851839
-4.500844885e-08
0.002001874477
-3.432414363e-08
0.002001891409
-2.567308166e-08
0.002001903639
-1.854309267e-08
0.002001911891
-1.251189299e-08
0.002001916654
-7.222269815e-09
-2.360771986e-09
0.001996955391
1.353856507e-05
0.001991607412
1.435940144e-05
0.001985633407
1.605483622e-05
0.001978670736
1.873677165e-05
0.001970293152
2.258450473e-05
0.001959982552
2.785989626e-05
0.001947094145
3.4930082e-05
0.001930812629
4.429988381e-05
0.001910095034
5.665625033e-05
0.001883584573
7.292688803e-05
0.001849416365
9.43602221e-05
0.00180450527
0.0001226873776
0.001741248862
0.0001607848591
0.00163142207
0.0002162521529
0.001347133197
0.0003204083386
0.001167080049
0.0006228986375
0
0
0
0
0
0
0
0
0
0
0
0
0
0
0
0
0
0
0
0
0
0
0
0
0
0
0
0
0
0
0
-0
0
-0
0.001166896725
-0
0.001346885171
-0.0006227189528
0.001631044889
-0.0003202307814
0.001740769999
-0.0002160183239
0.001803907473
-0.0001604756753
0.001848667549
-0.0001222854652
0.001882642248
-9.384288548e-05
0.001908905058
-7.226415621e-05
0.001929306229
-5.580923383e-05
0.001945183866
-4.321859917e-05
0.001957557064
-3.355054414e-05
0.001967210636
-2.610031859e-05
0.001974750442
-2.034038604e-05
0.001980644871
-1.587456288e-05
0.00198525667
-1.240377437e-05
0.001988867316
-9.700959441e-06
0.001991695648
-7.59278161e-06
0.001993912106
-5.946264375e-06
0.001995649633
-4.658959641e-06
0.001997012062
-3.65165594e-06
0.001998080573
-2.862925612e-06
0.001998918688
-2.24501566e-06
0.001999576147
-1.760729312e-06
0.002000091919
-1.381045584e-06
0.002000496544
-1.083292592e-06
0.002000813969
-8.497396707e-07
0.002001062967
-6.665086041e-07
0.002001258265
-5.227287502e-07
0.002001411409
-4.098800813e-07
0.002001531455
-3.212812214e-07
0.002001625502
-2.516895145e-07
0.002001699111
-1.969885957e-07
0.002001756636
-1.539435549e-07
0.002001801481
-1.200088955e-07
0.002001836301
-9.31777831e-08
0.002001863156
-7.186325992e-08
0.002001883636
-5.48043693e-08
0.002001898954
-4.099159026e-08
0.002001910019
-2.960738381e-08
0.002001917484
-1.997752962e-08
0.002001921794
-1.153171213e-08
-3.769472334e-09
0.001997835331
1.770323434e-05
0.001993425408
1.876932421e-05
0.00198851051
2.096973393e-05
0.001982801142
2.444613966e-05
0.001975961017
2.942463013e-05
0.001967587359
3.62335542e-05
0.001957187318
4.533012251e-05
0.001944148484
5.73387186e-05
0.001927698729
7.310600499e-05
0.001906841578
9.378403905e-05
0.001880226591
0.000120975209
0.001845848587
0.0001570653814
0.00180035829
0.0002062751566
0.001737760287
0.0002788501561
0.001647671561
0.0004104970647
0.001507341415
0.0007632287827
0
0
0
0
0
0
0
0
0
0
0
0
0
0
0
0
0
0
0
0
0
0
0
0
0
0
0
0
0
-0
0
0
0
-0
0.001507159587
-0
0.001647424137
-0.000762983502
0.001737440768
-0.000410247413
0.001799957318
-0.0002785348737
0.001845347841
-0.0002058661981
0.001879599533
-0.0001565371576
0.001906053284
-0.0001202966364
0.001926704439
-9.291531077e-05
0.001942891188
-7.19959831e-05
0.001955594477
-5.592188788e-05
0.00196556665
-4.352271719e-05
0.001973394909
-3.39285778e-05
0.001979539977
-2.648545451e-05
0.001984363695
-2.069828055e-05
0.001988150196
-1.619027519e-05
0.001991122533
-1.267329671e-05
0.001993455782
-9.926030591e-06
0.001995287354
-7.777836483e-06
0.001996725103
-6.096708382e-06
0.001997853687
-4.780240104e-06
0.001998739563
-3.748801588e-06
0.001999434901
-2.940353625e-06
0.001999980658
-2.306485804e-06
0.002000408986
-1.809374163e-06
0.002000745129
-1.419435502e-06
0.002001008902
-1.113512709e-06
0.00200121586
-8.734667091e-07
0.002001378212
-6.850809837e-07
0.00200150554
-5.372076136e-07
0.00200160536
-4.211011019e-07
0.002001683568
-3.298972022e-07
0.002001744784
-2.582048839e-07
0.002001792627
-2.01786736e-07
0.002001829926
-1.573079441e-07
0.002001858887
-1.221389901e-07
0.002001881224
-9.420038551e-08
0.00200189826
-7.183964864e-08
0.002001911002
-5.373355202e-08
0.002001920205
-3.881087827e-08
0.002001926416
-2.618794822e-08
0.002001930001
-1.511674076e-08
-4.94134819e-09
0.001998977884
2.07253502e-05
0.001995784172
2.196303646e-05
0.001992238483
2.451542276e-05
0.001988142595
2.85420277e-05
0.001983270821
3.429640461e-05
0.001977359441
4.214493404e-05
0.00197009441
5.259515277e-05
0.001961095153
6.633797571e-05
0.00194988793
8.431322819e-05
0.001935850248
0.0001078217208
0.001918079827
0.0001387456304
0.001895108322
0.0001800368862
0.001864588753
0.0002367947261
0.001825634495
0.0003178044143
0.001806314063
0.0004298174958
0.00207591683
0.0004936260157
0
0.0009144443319
0
0
0
0
0
0
0
0
0
0
0
0
0
0
0
0
0
0
0
0
0
0
0
0
0
0
0
-0
0
-0
0
-0
0.0020756793
-0.0009142514536
0.001806114438
-0.0004934186403
0.001825394068
-0.0004295270428
0.001864288735
-0.0003174295408
0.001894734004
-0.0002363114666
0.001917612033
-0.0001794151869
0.001935263691
-0.000137948295
0.001949149988
-0.0001068016077
0.001960164154
-8.301014856e-05
0.00196891729
-6.467502393e-05
0.001975868697
-5.047412376e-05
0.00198138061
-3.944049123e-05
0.001985743779
-3.084862383e-05
0.00198919235
-2.414685141e-05
0.001991914502
-1.89124273e-05
0.001994060942
-1.481973652e-05
0.001995751938
-1.16170266e-05
0.001997083171
-9.109069633e-06
0.001998130566
-7.144102742e-06
0.001998954242
-5.603916327e-06
0.001999601726
-4.396285961e-06
0.002000110538
-3.449165335e-06
0.002000510263
-2.706211304e-06
0.002000824213
-2.123323426e-06
0.002001070737
-1.665960178e-06
0.002001264277
-1.307051907e-06
0.002001416185
-1.025375039e-06
0.002001535387
-8.042832759e-07
0.002001628895
-6.307158274e-07
0.002001702216
-4.944214684e-07
0.00200175967
-3.873512078e-07
0.002001804646
-3.031816509e-07
0.002001839801
-2.369412662e-07
0.00200186721
-1.847168083e-07
0.002001888493
-1.434220111e-07
0.002001904909
-1.106162658e-07
0.002001917429
-8.435945755e-08
0.002001926794
-6.309849643e-08
0.002001933558
-4.557501778e-08
0.002001938122
-3.07519348e-08
0.002001940756
-1.775145949e-08
-5.802531557e-09
0.002000303946
2.242140437e-05
0.001998519338
2.374764393e-05
0.0019965548
2.647996127e-05
0.001994313596
3.078323128e-05
0.001991691774
3.691822677e-05
0.001988577525
4.525918273e-05
0.001984852721
5.631995725e-05
0.001980398589
7.079210811e-05
0.001975111258
8.960055828e-05
0.001968947712
0.0001139852674
0.001962079462
0.0001456138804
0.001955428417
0.0001866879314
0.001952409233
0.0002398139093
0.001963268927
0.0003069447204
0.002005110697
0.0003879757257
0.001990542315
0.0005081943976
0.001827955321
0.001077031326
0
0
0
0
0
0
0
0
0
0
0
0
0
0
0
0
0
0
0
0
0
0
0
0
0
-0
0
-0
0
-0
0.001827873103
-0
0.001990433485
-0.001076811835
0.002004976301
-0.0005079614564
0.001963114571
-0.000387665313
0.00195222353
-0.0003065384996
0.001955200667
-0.0002392886041
0.001961797881
-0.0001860124003
0.001968597648
-0.0001447480624
0.00197467403
-0.0001128779901
0.001979850369
-8.81864868e-05
0.001984163192
-6.898784688e-05
0.001987708178
-5.40191105e-05
0.001990593757
-4.232607e-05
0.001992925005
-3.317987161e-05
0.001994797293
-2.601913911e-05
0.001996293934
-2.040906837e-05
0.001997485842
-1.60116453e-05
0.001998432255
-1.256343925e-05
0.001999181964
-9.858778541e-06
0.001999774735
-7.73687361e-06
0.002000242715
-6.071895999e-06
0.002000611728
-4.765299527e-06
0.002000902421
-3.739858286e-06
0.002001131235
-2.935025641e-06
0.002001311226
-2.303314342e-06
0.002001452735
-1.807468743e-06
0.002001563937
-1.418253871e-06
0.002001651286
-1.112724317e-06
0.002001719871
-8.72867956e-07
0.002001773698
-6.845431653e-07
0.002001815921
-5.366440487e-07
0.002001849017
-4.204469483e-07
0.002001874931
-3.290962148e-07
0.00200189519
-2.572002319e-07
0.002001910988
-2.005146056e-07
0.002001923256
-1.556906606e-07
0.00200193272
-1.200797555e-07
0.002001939938
-9.157744672e-08
0.002001945337
-6.849778315e-08
0.002001949238
-4.947535274e-08
0.002001951869
-3.338382028e-08
0.002001953388
-1.927019451e-08
-6.298927954e-09
0.002001724419
2.269698507e-05
0.002001446285
2.402577787e-05
0.002001165867
2.676037976e-05
0.002000889877
3.10592214e-05
0.0020006369
3.717120363e-05
0.002000446133
4.544995006e-05
0.002000392021
5.637406923e-05
0.002000609772
7.057435672e-05
0.002001342126
8.88682044e-05
0.002003029532
0.0001122978608
0.002006486901
0.0001421565118
0.002013224734
0.0001799500984
0.002025881894
0.0002271567493
0.002048396407
0.0002844302073
0.002087725762
0.0003486463709
0.002202603708
0.0003933164519
0.003086908573
0.0001927264603
0
-0.0005280423007
0
0
0
0
0
0
0
0
0
0
0
0
0
0
0
0
0
0
0
-0
0
-0
0
-0
0
-0
0
-0
0.003086770725
0.00052806147
0.002202552333
-0.0001925934427
0.002087676653
-0.0003930857771
0.002048342981
-0.0003483316408
0.002025821937
-0.0002840174557
0.00201315606
-0.0002266227265
0.002006407152
-0.0001792634926
0.002002935881
-0.0001412767914
0.002001230998
-0.0001111731068
0.002000476618
-8.743210679e-05
0.002000231088
-6.874231774e-05
0.002000250212
-5.403823437e-05
0.002000397025
-4.2472883e-05
0.002000594994
-3.337784058e-05
0.002000802494
-2.622663892e-05
0.002000998207
-2.060478084e-05
0.002001172509
-1.618594761e-05
0.002001322333
-1.271326343e-05
0.002001448106
-9.984551674e-06
0.002001551955
-7.840722546e-06
0.00200163668
-6.156621258e-06
0.002001705192
-4.833811539e-06
0.002001760224
-3.794889564e-06
0.002001804201
-2.979002721e-06
0.002001839205
-2.338318903e-06
0.002001866982
-1.835245281e-06
0.002001888969
-1.440240809e-06
0.002001906339
-1.130094207e-06
0.002001920039
-8.865681981e-07
0.002001930829
-6.953336621e-07
0.002001939317
-5.451321112e-07
0.002001945986
-4.271151287e-07
0.002001951216
-3.343265838e-07
0.002001955311
-2.61295085e-07
0.002001958507
-2.037109945e-07
0.002001960992
-1.581751543e-07
0.00200196291
-1.219976218e-07
0.002001964373
-9.304083462e-08
0.002001965468
-6.959317506e-08
0.00200196626
-5.026663129e-08
0.002001966794
-3.391767386e-08
0.002001967102
-1.957850222e-08
-6.399659975e-09
0.002003147118
2.154986669e-05
0.002004374544
2.279835201e-05
0.002005770189
2.536473453e-05
0.002007438291
2.939111963e-05
0.002009510623
3.509887216e-05
0.002012162177
4.27983956e-05
0.002015634548
5.290169806e-05
0.002020272636
6.593626865e-05
0.002026584991
8.255585018e-05
0.002035346828
0.0001035360232
0.002047780298
0.0001297230425
0.002065873919
0.0001618564767
0.002092960819
0.0002000698496
0.002134796875
0.0002425941518
0.002200784442
0.0002826588037
0.002290259966
0.0003038409276
0.002176219678
0.0003067667487
0.0008876177101
0.0007605596669
0
0.001718582745
0
0.0008037588945
0
0
0
0
0
0
0
0
0
0
0
-0
0
-0
0
-0
0
-0
0
-0
0
-0.0008036467824
0.0008878176979
-0.001718345907
0.002176275918
-0.00076039675
0.002290287821
-0.0003066053453
0.002200819243
-0.0003036171999
0.002134845812
-0.0002823582096
0.00209302888
-0.0002422005238
0.002065966885
-0.0001995607314
0.00204790546
-0.0001612020677
0.002035513453
-0.0001288847845
0.002026804847
-0.0001024645003
0.002020560694
-8.118795425e-05
0.0020160099
-6.419152309e-05
0.002012649228
-5.067756235e-05
0.002010140643
-3.996429779e-05
0.002008251436
-3.148863434e-05
0.002006818147
-2.479335009e-05
0.002005724029
-1.951066228e-05
0.002004884517
-1.53464356e-05
0.00200423761
-1.206635607e-05
0.002003737362
-9.484303986e-06
0.002003349409
-7.452770077e-06
0.002003047838
-5.855049449e-06
0.002002812968
-4.598942187e-06
0.00200262977
-3.611691484e-06
0.002002486703
-2.835935365e-06
0.002002374868
-2.226484253e-06
0.002002287383
-1.747760282e-06
0.002002218908
-1.371765883e-06
0.002002165291
-1.076477181e-06
0.002002123298
-8.445751017e-07
0.002002090407
-6.624421437e-07
0.002002064647
-5.193723625e-07
0.002002044481
-4.069490847e-07
0.002002028707
-3.185523834e-07
0.002002016384
-2.489727026e-07
0.002002006781
-1.941077805e-07
0.002001999327
-1.507210495e-07
0.00200199358
-1.162503512e-07
0.002001989197
-8.865871094e-08
0.00200198592
-6.631538407e-08
0.002001983552
-4.78992315e-08
0.002001981955
-3.232052168e-08
0.002001981033
-1.865676975e-08
-6.098508228e-09
0.002004483316
1.906655096e-05
0.002007121491
2.016017679e-05
0.002010080537
2.240568869e-05
0.002013549922
2.592173459e-05
0.002017757371
3.089142269e-05
0.002022987923
3.75678435e-05
0.002029609685
4.627993624e-05
0.002038109636
5.743631786e-05
0.00204914338
7.152210628e-05
0.002063600622
8.907878068e-05
0.002082674799
0.0001106488656
0.002107872127
0.0001366591492
0.002140706208
0.0001672357684
0.002181172728
0.0002021276314
0.002221998151
0.0002418333815
0.002231144972
0.0002946941059
0.002133325419
0.0004045863016
0.002199470646
0.0006944144399
0.003137122819
0.0007809305725
0.003029068996
0.0009118127171
0
0.0009516502558
0
0.0006616970026
0
0
0
0
0
-0
0
0
0
-0
0
-0
0
-0.0006616584476
0.003029051396
-0.0009515787227
0.003137121301
-0.0009117166869
0.002199570417
-0.0007807950228
0.002133432362
-0.0006942586948
0.002231246889
-0.0004044198722
0.00222211556
-0.000294485871
0.002181320353
-0.0002415630028
0.002140896687
-0.0002017768579
0.002108119219
-0.0001667832633
0.002082995155
-0.0001360780037
0.002064015091
-0.000109904721
0.002049678348
-8.812775634e-05
0.002038798621
-7.030822749e-05
0.002030495348
-5.588825063e-05
0.00202412463
-4.430684432e-05
0.002019214467
-3.505413432e-05
0.00201541593
-2.76900972e-05
0.00201246856
-2.184598018e-05
0.002010176168
-1.721827023e-05
0.002008389817
-1.35600847e-05
0.002006995706
-1.067224484e-05
0.002005906414
-8.395012553e-06
0.002005054496
-6.600851958e-06
0.002004387735
-5.18828789e-06
0.002003865589
-4.076796567e-06
0.002003456512
-3.202614755e-06
0.002003135912
-2.515335309e-06
0.002002884591
-1.975162997e-06
0.002002687545
-1.550713945e-06
0.002002533036
-1.21725785e-06
0.00200241188
-9.553210933e-07
0.002002316882
-7.495764098e-07
0.002002242405
-5.87965542e-07
0.002002184036
-4.6100306e-07
0.002002138314
-3.612277637e-07
0.002002102533
-2.827709307e-07
0.002002074573
-2.210123184e-07
0.002002052777
-1.723124487e-07
0.002002035856
-1.337992781e-07
0.002002022805
-1.031994213e-07
0.002002012852
-7.870591249e-08
0.002002005408
-5.887136516e-08
0.002002000031
-4.252280293e-08
0.002001996404
-2.869301311e-08
0.00200199431
-1.656309613e-08
-5.414184983e-09
0.0020056533
1.541325144e-05
0.002009523885
1.62895917e-05
0.002013842443
1.808713028e-05
0.002018867411
2.089676655e-05
0.002024901273
2.485756106e-05
0.002032309903
3.015921328e-05
0.002041545999
3.704383979e-05
0.002053176969
4.580534867e-05
0.002067915008
5.678406637e-05
0.002086639058
7.035473149e-05
0.002110376621
8.691130279e-05
0.002140161744
0.0001068740261
0.002176582276
0.0001308152361
0.002218715736
0.0001599941713
0.002262549512
0.0001979996051
0.002302776168
0.0002544674503
0.002359017428
0.0003483450416
0.002568905474
0.0004845263939
0.002821937191
0.0005278988555
0.003104975921
0.000628773987
0.003560529289
0.0004960968874
0.00362472831
0.0005974979823
0
0.0009761094203
0
0.0006633750559
0
-0.0001382717009
0
0.0001382914225
0
-0.000663350155
0.003624750256
-0.0009760601311
0.003560546695
-0.0005974548875
0.003105007538
-0.000496039565
0.002821989547
-0.0006286986964
0.002568996394
-0.0005278018693
0.002359143011
-0.0004844053122
0.002302927173
-0.0003482040335
0.002262734764
-0.0002542934621
0.002218949352
-0.0001977775908
0.002176880955
-0.0001597084616
0.002140545484
-0.0001304477923
0.002110870132
-0.000106402651
0.002087273393
-8.630798219e-05
0.002068729482
-6.958384597e-05
0.002054221509
-5.580025381e-05
0.002042884105
-4.45508473e-05
0.002034022399
-3.544513813e-05
0.002027091085
-2.812281972e-05
0.00202166565
-2.22646624e-05
0.002017416165
-1.759649583e-05
0.002014085997
-1.388810206e-05
0.002011475206
-1.094929363e-05
0.002009427772
-8.624810315e-06
0.002007821775
-6.789015663e-06
0.002006561838
-5.340915642e-06
0.002005573285
-4.199734124e-06
0.002004797604
-3.301116177e-06
0.002004188933
-2.593943672e-06
0.002003711307
-2.037709129e-06
0.002003336516
-1.600371969e-06
0.002003042429
-1.25662675e-06
0.002002811683
-9.865115804e-07
0.002002630653
-7.742918677e-07
0.002002488652
-6.075746881e-07
0.00200237729
-4.766043902e-07
0.002002289991
-3.737039858e-07
0.002002221596
-2.92832616e-07
0.002002168062
-2.29236422e-07
0.002002126223
-1.79173806e-07
0.002002093606
-1.396953063e-07
0.00200206828
-1.084734427e-07
0.002002048747
-8.366656807e-08
0.002002033851
-6.380956672e-08
0.002002022709
-4.772928117e-08
0.002002014661
-3.447516852e-08
0.002002009231
-2.326286824e-08
0.002002006096
-1.342840339e-08
-4.389420171e-09
0.00200659046
1.082279172e-05
0.002011446135
1.143391624e-05
0.002016846825
1.268644073e-05
0.002023102121
1.464147058e-05
0.00203056784
1.739184145e-05
0.002039664111
2.106294291e-05
0.002050895115
2.581283523e-05
0.002064869428
3.183103569e-05
0.002082317302
3.933619269e-05
0.002104095884
4.857614925e-05
0.002131163884
5.984330262e-05
0.002164497363
7.354054703e-05
0.002204936366
9.037623406e-05
0.0022531122
0.0001118183367
0.002310235494
0.000140876311
0.002382096252
0.0001826066923
0.00248918974
0.0002412515542
0.002666724405
0.0003069917292
0.002853307334
0.0003413159258
0.003096664886
0.0003854164348
0.003231625798
0.0003611359757
0.003378896114
0.0004502276669
0.003963774699
0.0003912308351
0.004147408432
0.000479741323
0.004094360506
-8.522377473e-05
0.004147412054
8.523987376e-05
0.003963781382
-0.0004797194823
0.00337892528
-0.0003912040289
0.003231664327
-0.0004501939349
0.003096719312
-0.0003610945505
0.002853384907
-0.0003853642908
0.002666833163
-0.0003412501253
0.002489336782
-0.000306908931
0.002382283982
-0.0002411512336
0.002310472936
-0.0001824824161
0.002253414074
-0.0001407187288
0.002205322124
-0.0001116165121
0.002164991608
-9.011727656e-05
0.002131797626
-7.320866863e-05
0.002104908342
-5.941869817e-05
0.002083358214
-4.803371803e-05
0.002066201977
-3.864401627e-05
0.00205259963
-3.094850058e-05
0.002041842771
-2.468827889e-05
0.002033350642
-1.963069136e-05
0.002026654457
-1.556847733e-05
0.002021379102
-1.232114082e-05
0.002017225972
-9.734971957e-06
0.002013958146
-7.681467941e-06
0.002011388071
-6.054734983e-06
0.002009367518
-4.768462162e-06
0.002007779486
-3.752883744e-06
0.002006531718
-2.951966512e-06
0.002005551527
-2.320925415e-06
0.002004781683
-1.824099051e-06
0.002004177149
-1.433175158e-06
0.002003702503
-1.125726683e-06
0.002003329896
-8.840197525e-07
0.002003037437
-6.940522313e-07
0.002002807926
-5.447808288e-07
0.002002627854
-4.275023546e-07
0.002002486611
-3.353621531e-07
0.002002375872
-2.629646922e-07
0.002002289103
-2.060629667e-07
0.00200222118
-1.613140881e-07
0.002002168093
-1.260868078e-07
0.002002126705
-9.830681168e-08
0.002002094567
-7.633613474e-08
0.00200206978
-5.887909469e-08
0.002002050875
-4.490512746e-08
0.002002036735
-3.358899555e-08
0.002002026522
-2.426185588e-08
0.00200201963
-1.63713021e-08
0.002002015652
-9.450073314e-09
-3.088879511e-09
0.002007243781
5.579010874e-06
0.002012785038
5.892659085e-06
0.002018936314
6.535164525e-06
0.002026040641
7.537143327e-06
0.002034487573
8.944909889e-06
0.002044729865
1.082065108e-05
0.002057300456
1.324224387e-05
0.00207282881
1.630268178e-05
0.002092055019
2.010998347e-05
0.002115840121
2.479104763e-05
0.00214517451
3.050891332e-05
0.002181201163
3.751389404e-05
0.002225315719
4.626167816e-05
0.002279513346
5.76207098e-05
0.002347316748
7.307290872e-05
0.002435505685
9.441775575e-05
0.002554932649
0.0001218245896
0.00271216841
0.0001497559685
0.002885370036
0.0001681142998
0.003084811738
0.000185974733
0.003258230345
0.0001877173688
0.003495503477
0.0002129545351
0.00370811597
0.0001786183414
0.003990361545
0.0001974957488
0.003907823924
-2.686154387e-06
0.003990368568
2.695230259e-06
0.003708133402
-0.0001974843166
0.003495534322
-0.000178604949
0.003258277477
-0.0002129370898
0.003084878767
-0.0001876958407
0.002885462446
-0.0001859479699
0.00271229306
-0.0001680807391
0.002555097918
-0.0001497137889
0.002435719374
-0.0001217726896
0.002347590147
-9.435318893e-05
0.002279862608
-7.299118944e-05
0.002225762381
-5.751628581e-05
0.002181772979
-4.612787387e-05
0.002145906829
-3.73425193e-05
0.002116777848
-3.028971667e-05
0.00209325519
-2.451106046e-05
0.002074363904
-1.975273e-05
0.002059262611
-1.584720726e-05
0.002047236234
-1.266190187e-05
0.002037687121
-1.008157903e-05
0.002030122754
-8.004110407e-06
0.00202414169
-6.340076632e-06
0.002019419454
-5.012735783e-06
0.00201569545
-3.95746347e-06
0.002012761401
-3.120686385e-06
0.002010451473
-2.458534332e-06
0.00200863401
-1.935420579e-06
0.002007204729
-1.522685363e-06
0.002006081177
-1.197373911e-06
0.002005198257
-9.411791029e-07
0.002004504631
-7.39548405e-07
0.002003959848
-5.809441179e-07
0.002003532065
-4.562371152e-07
0.002003196227
-3.582141151e-07
0.00200293263
-2.811831663e-07
0.002002725785
-2.206579452e-07
0.002002563527
-1.731038117e-07
0.002002436299
-1.35736828e-07
0.002002336603
-1.063669139e-07
0.002002258558
-8.326955194e-08
0.002002197558
-6.508595194e-08
0.002002149997
-5.074620256e-08
0.002002113066
-3.940500598e-08
0.002002084581
-3.039387609e-08
0.002002062856
-2.318085454e-08
0.002002046607
-1.733929436e-08
0.002002034869
-1.252408622e-08
0.002002026948
-8.450545288e-09
0.002002022376
-4.878140757e-09
-1.594738106e-09
0.002007579011
0.00201347167
0.002020006834
0.002027543978
0.002036488888
0.002047309539
0.002060551783
0.002076854464
0.002096964448
0.002121755496
0.002152264409
0.002189778303
0.002236039981
0.002293660691
0.0023667336
0.002461151355
0.002582975945
0.002732731913
0.002900846213
0.003086820946
0.003274538315
0.00348749285
0.003666111191
0.00386360694
0.003860920786
0.003863616016
0.0036661317
0.003487526751
0.003274589661
0.00308689382
0.00290094585
0.002732865111
0.002583151322
0.002461378633
0.002367025444
0.002294034254
0.002236517968
0.002190390094
0.002153047575
0.002122757859
0.002098246798
0.002078494068
0.002062646861
0.002049984959
0.00203990338
0.002031899269
0.002025559193
0.002020546457
0.002016588994
0.002013468307
0.002011009773
0.002009074352
0.002007551667
0.002006354293
0.002005413114
0.002004673566
0.002004092621
0.002003636384
0.00200327817
0.002002996987
0.002002776329
0.002002603225
0.002002467488
0.002002361122
0.002002277852
0.002002212766
0.00200216202
0.002002122615
0.002002092221
0.00200206904
0.002002051701
0.002002039177
0.002002030726
0.002002025848
1.234312484e-05
0.001989436019
-0.002001779144
2.585416749e-05
0.001889918524
-0.001903429566
4.222194166e-05
0.001809077228
-0.001825445002
6.274850871e-05
0.001744353517
-0.001764880084
8.736738048e-05
0.001694817159
-0.00171943603
0.0001135292976
0.001660475347
-0.001686637264
0.0001391933543
0.001638778435
-0.001664442491
0.0001860293543
0.001611589423
-0.001658425423
0.0003923395842
0.001504670805
-0.001710981035
0
-0
3.181072903e-05
0.00195762529
6.572047066e-05
0.001856008782
0.0001068287534
0.001767968945
0.0001633796954
0.001687802575
0.0002486816638
0.00160951519
0.0003812507664
0.001527906244
0.0005762950211
0.00144373418
0.000807441578
0.001380442866
0.0008810868936
0.001431025489
0
4.091591271e-05
0.001916709377
7.736718627e-05
0.001819557509
0.000106164448
0.001739171684
0.0001211438841
0.001672823139
0.0001114315263
0.001619227548
6.091001428e-05
0.001578427756
-4.566143507e-05
0.001550305629
-0.0001928534238
0.001527634855
-0.000233910012
0.001472082077
0
5.690479014e-05
0.001859804587
0.0001093308538
0.001767131445
0.0001560472763
0.001692455261
0.0001955426623
0.001633327753
0.0002270414591
0.001587728751
0.0002529941062
0.001552475109
0.0002825257673
0.001520773968
0.0003300840202
0.001480076602
0.0003858871955
0.001416278902
0
7.753118789e-05
0.001782273399
0.0001532042711
0.001691458362
0.0002298060981
0.001615853434
0.0003102507723
0.001552883079
0.0003967763577
0.001501203166
0.0004884885661
0.001460762901
0.0005774368827
0.001431825651
0.0006484418942
0.00140907159
0.0007053081852
0.001359412611
0
9.164428854e-05
0.001690629111
0.0001813582363
0.001601744414
0.0002732868434
0.001523924827
0.0003736312026
0.00145253872
0.0004923502504
0.001382484118
0.0006437345946
0.001309378557
0.0008402615626
0.001235298683
0.001062206187
0.001187126966
0.00115495856
0.001266660238
0
9.731421001e-05
0.001593314901
0.0001876038182
0.001511454806
0.0002678634456
0.0014436652
0.0003310846736
0.001389317492
0.0003646266281
0.001348942164
0.0003514312094
0.001322573975
0.0002824999501
0.001304229943
0.0002034230987
0.001266203817
0.000351131012
0.001118952324
0
0.0001080836234
0.001485231277
0.0002120498129
0.001407488616
0.0003142856473
0.001341429365
0.0004173644532
0.001286238686
0.0005240204911
0.001242286126
0.0006356846065
0.00121090986
0.0007466134153
0.001193301134
0.0008259056275
0.001186911605
0.0007687686349
0.001176089317
0
0.0001148808814
0.001370350396
0.0002268318361
0.001295537662
0.0003408357488
0.001227425453
0.0004643236023
0.001162750832
0.0006084306227
0.001098179105
0.0007870235397
0.001032316943
0.001007807727
0.0009725169467
0.001240869866
0.0009538494661
0.001330426383
0.001086532799
0
0.000114403656
0.00125594674
0.0002212083656
0.001188732952
0.0003187825001
0.001129851318
0.000403311208
0.001078222124
0.0004685318722
0.001032958441
0.0005086896339
0.0009921591814
0.0005325223202
0.0009486842604
0.0006088201571
0.0008775516293
0.0009933687849
0.0007019841714
0
0.000119988276
0.001135958464
0.0002338207411
0.001074900487
0.000342549159
0.0010211229
0.0004474275609
0.0009733437225
0.0005506550422
0.0009297309597
0.000656302232
0.0008865119916
0.0007696219666
0.0008353645258
0.0008875421552
0.0007596314406
0.0009578836402
0.0006316426864
0
0.0001252706766
0.001010687787
0.0002459849254
0.0009541862381
0.0003651751744
0.0009019326512
0.0004861867259
0.000852332171
0.0006118159639
0.0008041017217
0.0007409344049
0.0007573935506
0.0008599942895
0.0007163046411
0.0009260503653
0.0006935753648
0.000840277905
0.0007174151467
0
0.0001229161444
0.000887771643
0.0002390665227
0.0008380358598
0.0003488732872
0.0007921258867
0.0004525318959
0.0007486735623
0.0005502378935
0.0007063957242
0.000642825174
0.0006648062701
0.0007326165396
0.0006265132755
0.0008223820949
0.0006038098096
0.0009035952197
0.0006362020218
0
0.0001191355149
0.000768636128
0.0002291492256
0.0007280221491
0.000327306341
0.0006939687713
0.0004087712406
0.0006672086626
0.0004657369459
0.0006494300189
0.000488114327
0.000642428889
0.0004698569537
0.0006447706488
0.000432032491
0.0006416342723
0.0004904448902
0.0005777896227
0
0.0001217768591
0.000646859269
0.0002372180862
0.000612580922
0.0003481012988
0.0005830855586
0.0004577358021
0.0005575741594
0.0005719726319
0.0005351931891
0.0006994964827
0.0005149050383
0.0008480770553
0.0004961900762
0.001006957134
0.0004827541935
0.001089559382
0.0004951873747
0
0.0001234376382
0.0005234216307
0.0002406627547
0.0004953558055
0.0003533375181
0.0004704107952
0.000463672325
0.0004472393525
0.0005744352828
0.0004244302313
0.0006885579011
0.00040078242
0.0008087108764
0.0003760371009
0.000939496691
0.0003519683789
0.00110222114
0.000332462926
0
0.0001237710825
0.0003996505482
0.0002396585194
0.0003794683686
0.0003471789512
0.0003628903634
0.0004451951738
0.0003492231299
0.0005317380433
0.0003378873618
0.0006041999868
0.0003283204765
0.0006602668604
0.0003199702273
0.0006994193457
0.0003128158936
0.0007218568672
0.0003100254046
0
0.0001275174403
0.0002721331079
0.0002471131155
0.0002598726934
0.0003583684253
0.0002516350536
0.0004600105288
0.0002475810264
0.0005495370046
0.000248360886
0.0006230883971
0.000254769084
0.0006765721289
0.0002664864955
0.0007111566822
0.0002782313403
0.0007518084787
0.000269373608
0
0.0001342398907
0.0001378932172
0.0002623612086
0.0001317513756
0.0003865907403
0.0001274055219
0.0005098220665
0.0001243497002
0.0006362042036
0.0001219787488
0.0007712313887
0.0001197418989
0.0009195443312
0.000118173553
0.001075427291
0.0001223483808
0.001193463504
0.0001513373951
0
0.0001378932172
-4.85485133e-14
0.0002696445928
-2.526780087e-14
0.0003970501148
-2.541982423e-14
0.000521399815
-1.459847954e-14
0.0006433785639
-2.075727958e-14
0.0007631204627
-2.21727376e-14
0.0008812940158
-1.335527435e-14
0.001003642397
-1.354116992e-14
0.001154979792
-4.122674424e-15
0
0.0001378932172
-0.0001378932173
0.0002696445928
-0.0001317513756
0.0003970501147
-0.000127405522
0.000521399815
-0.0001243497003
0.0006433785639
-0.0001219787489
0.0007631204628
-0.0001197418989
0.0008812940158
-0.0001181735531
0.001003642397
-0.0001223483808
0.001154979792
-0.0001513373952
-0
0.0001342398907
-0.000272133108
0.0002623612086
-0.0002598726935
0.0003865907403
-0.0002516350537
0.0005098220665
-0.0002475810265
0.0006362042036
-0.000248360886
0.0007712313887
-0.000254769084
0.0009195443313
-0.0002664864956
0.001075427291
-0.0002782313403
0.001193463504
-0.000269373608
-0
0.0001275174403
-0.0003996505483
0.0002471131155
-0.0003794683686
0.0003583684252
-0.0003628903635
0.0004600105288
-0.00034922313
0.0005495370046
-0.0003378873618
0.0006230883971
-0.0003283204765
0.0006765721289
-0.0003199702274
0.0007111566822
-0.0003128158936
0.0007518084788
-0.0003100254046
-0
0.0001237710825
-0.0005234216308
0.0002396585194
-0.0004953558055
0.0003471789512
-0.0004704107953
0.0004451951738
-0.0004472393525
0.0005317380433
-0.0004244302314
0.0006041999868
-0.00040078242
0.0006602668603
-0.000376037101
0.0006994193457
-0.000351968379
0.0007218568671
-0.0003324629261
-0
0.0001234376383
-0.0006468592691
0.0002406627546
-0.0006125809218
0.0003533375181
-0.0005830855588
0.0004636723251
-0.0005575741595
0.0005744352828
-0.0005351931891
0.0006885579012
-0.0005149050384
0.0008087108764
-0.0004961900762
0.000939496691
-0.0004827541936
0.00110222114
-0.0004951873748
-0
0.0001217768592
-0.0007686361283
0.0002372180863
-0.000728022149
0.0003481012989
-0.0006939687714
0.0004577358023
-0.0006672086628
0.000571972632
-0.0006494300189
0.0006994964827
-0.0006424288891
0.0008480770553
-0.0006447706488
0.001006957134
-0.0006416342724
0.001089559382
-0.0005777896228
-0
0.0001191355148
-0.000887771643
0.0002291492256
-0.0008380358598
0.000327306341
-0.0007921258867
0.0004087712404
-0.0007486735623
0.0004657369457
-0.0007063957241
0.0004881143269
-0.0006648062703
0.0004698569536
-0.0006265132756
0.000432032491
-0.0006038098097
0.0004904448901
-0.0006362020219
-0
0.0001229161443
-0.001010687787
0.0002390665227
-0.0009541862382
0.0003488732872
-0.0009019326512
0.000452531896
-0.0008523321711
0.0005502378936
-0.0008041017217
0.0006428251741
-0.0007573935507
0.0007326165397
-0.0007163046412
0.000822382095
-0.0006935753649
0.0009035952198
-0.0007174151468
-0
0.0001252706766
-0.001135958464
0.0002459849253
-0.001074900487
0.0003651751743
-0.0010211229
0.0004861867258
-0.0009733437226
0.0006118159639
-0.0009297309598
0.000740934405
-0.0008865119917
0.0008599942896
-0.0008353645259
0.0009260503655
-0.0007596314408
0.0008402779053
-0.0006316426865
0
0.0001199882758
-0.00125594674
0.000233820741
-0.001188732952
0.0003425491589
-0.001129851318
0.0004474275608
-0.001078222125
0.0005506550422
-0.001032958441
0.000656302232
-0.0009921591816
0.0007696219666
-0.0009486842605
0.0008875421553
-0.0008775516294
0.0009578836403
-0.0007019841715
-0
0.0001144036561
-0.001370350396
0.0002212083657
-0.001295537662
0.0003187824999
-0.001227425452
0.000403311208
-0.001162750833
0.0004685318722
-0.001098179105
0.0005086896339
-0.001032316943
0.0005325223201
-0.0009725169468
0.000608820157
-0.0009538494662
0.0009933687848
-0.001086532799
-0
0.0001148808816
-0.001485231277
0.0002268318364
-0.001407488616
0.0003408357494
-0.001341429365
0.0004643236025
-0.001286238686
0.0006084306228
-0.001242286126
0.0007870235398
-0.00121090986
0.001007807727
-0.001193301134
0.001240869866
-0.001186911605
0.001330426383
-0.001176089317
-0
0.0001080836234
-0.001593314901
0.0002120498128
-0.001511454806
0.0003142856473
-0.0014436652
0.0004173644531
-0.001389317491
0.0005240204912
-0.001348942164
0.0006356846066
-0.001322573976
0.0007466134153
-0.001304229943
0.0008259056275
-0.001266203817
0.0007687686349
-0.001118952324
-0
9.731420999e-05
-0.001690629111
0.0001876038182
-0.001601744414
0.0002678634455
-0.001523924827
0.0003310846737
-0.00145253872
0.0003646266281
-0.001382484118
0.0003514312093
-0.001309378557
0.0002824999499
-0.001235298683
0.0002034230986
-0.001187126966
0.0003511310119
-0.001266660238
-0
9.164428853e-05
-0.001782273399
0.0001813582363
-0.001691458362
0.0002732868434
-0.001615853434
0.0003736312027
-0.001552883079
0.0004923502504
-0.001501203166
0.0006437345947
-0.001460762901
0.0008402615627
-0.001431825651
0.001062206187
-0.00140907159
0.00115495856
-0.001359412611
-0
7.753118787e-05
-0.001859804587
0.0001532042711
-0.001767131445
0.0002298060981
-0.001692455261
0.0003102507723
-0.001633327753
0.0003967763577
-0.001587728751
0.000488488566
-0.001552475109
0.0005774368827
-0.001520773968
0.0006484418942
-0.001480076602
0.0007053081853
-0.001416278902
-0
5.690479018e-05
-0.001916709377
0.0001093308538
-0.001819557509
0.0001560472763
-0.001739171684
0.0001955426623
-0.001672823139
0.000227041459
-0.001619227548
0.0002529941062
-0.001578427757
0.0002825257675
-0.001550305629
0.0003300840203
-0.001527634855
0.0003858871956
-0.001472082077
-0
4.09159127e-05
-0.00195762529
7.736718626e-05
-0.001856008782
0.000106164448
-0.001767968945
0.0001211438841
-0.001687802575
0.0001114315263
-0.00160951519
6.091001431e-05
-0.001527906245
-4.566143501e-05
-0.00144373418
-0.0001928534238
-0.001380442866
-0.0002339100119
-0.001431025489
-0
3.181072902e-05
-0.001989436019
6.572047066e-05
-0.001889918524
0.0001068287534
-0.001809077228
0.0001633796954
-0.001744353517
0.0002486816639
-0.001694817159
0.0003812507664
-0.001660475347
0.0005762950211
-0.001638778435
0.000807441578
-0.001611589423
0.0008810868937
-0.001504670805
-0
1.234312483e-05
-0.002001779144
2.585416748e-05
-0.001903429566
4.222194169e-05
-0.001825445002
6.274850875e-05
-0.001764880084
8.736738052e-05
-0.00171943603
0.0001135292977
-0.001686637264
0.0001391933543
-0.001664442491
0.0001860293543
-0.001658425423
0.0003923395843
-0.001710981035
-0
-1.234068047e-05
-0.001989438463
-2.584950292e-05
-0.001889920744
-4.221532319e-05
-0.001809079182
-6.274022972e-05
-0.001744355178
-8.735774917e-05
-0.001694818511
-0.0001135186259
-0.001660476387
-0.0001391819437
-0.001638779173
-0.0001860174539
-0.001611589913
-0.0003923272056
-0.001504671283
-0
-3.180811295e-05
-0.00195763035
-6.571546529e-05
-0.001856013392
-0.0001068216225
-0.001767973025
-0.0001633707256
-0.001687806075
-0.0002486711435
-0.001609518093
-0.0003812389542
-0.001527908577
-0.0005762821259
-0.001443736002
-0.0008074278931
-0.001380444145
-0.000881073608
-0.001431025568
-0
-4.091297591e-05
-0.001916717375
-7.73615445e-05
-0.001819564823
-0.0001061563745
-0.001739178195
-0.0001211337144
-0.001672828735
-0.0001114196989
-0.001619232109
-6.089710411e-05
-0.001578431172
4.567481189e-05
-0.001550307918
0.0001928672705
-0.001527636604
0.0002339275004
-0.001472085798
-0
-5.690141231e-05
-0.001859815962
-0.0001093243044
-0.001767141931
-0.0001560377409
-0.001692464758
-0.0001955302921
-0.001633336183
-0.000227026359
-0.001587736042
-0.000252976396
-0.001552481135
-0.0002825059652
-0.001520778348
-0.000330064519
-0.00148007805
-0.000385876917
-0.0014162734
-0
-7.752734877e-05
-0.001782288613
-0.0001531968285
-0.001691472451
-0.0002297953043
-0.001615866283
-0.0003102369434
-0.001552894544
-0.0003967599286
-0.001501213057
-0.0004884700824
-0.001460770981
-0.0005774166839
-0.001431831747
-0.0006484187736
-0.00140907596
-0.0007052752507
-0.001359416923
-0
-9.163988145e-05
-0.001690648732
-0.0001813495969
-0.001601762736
-0.0002732740408
-0.001523941839
-0.0003736141732
-0.001452554412
-0.0004923287718
-0.001382498458
-0.0006437082838
-0.001309391469
-0.0008402299312
-0.001235310099
-0.001062168749
-0.001187137143
-0.001154914864
-0.001266670808
-0
-9.730931518e-05
-0.001593339417
-0.0001875942323
-0.001511477819
-0.0002678492418
-0.001443686829
-0.0003310656956
-0.001389337958
-0.0003646023553
-0.001348961798
-0.0003514006841
-0.00132259314
-0.0002824621104
-0.001304248673
-0.0002033784627
-0.001266220791
-0.000351087038
-0.001118962232
-0
-0.0001080782769
-0.00148526114
-0.0002120395194
-0.001407516576
-0.000314270925
-0.001341455424
-0.0004173459823
-0.001286262901
-0.0005239991098
-0.001242308671
-0.0006356611118
-0.001210931138
-0.0007465878109
-0.001193321974
-0.0008258749599
-0.001186933642
-0.0007687214539
-0.001176115738
-0
-0.0001148746887
-0.001370386451
-0.0002268197863
-0.001295571479
-0.0003408182403
-0.00122745697
-0.0004643011933
-0.001162779948
-0.0006084041106
-0.001098205753
-0.0007869939089
-0.00103234134
-0.001007775704
-0.0009725401786
-0.001240834537
-0.0009538748089
-0.00133038177
-0.001086568506
-0
-0.0001143966702
-0.001255989781
-0.0002211944742
-0.001188773675
-0.0003187615872
-0.001129889857
-0.0004032831048
-0.00107825843
-0.0004684966422
-0.001032992216
-0.0005086482229
-0.0009921897589
-0.0005324780495
-0.0009487103521
-0.0006087821519
-0.0008775707064
-0.0009933598397
-0.0007019908178
-0
-0.000119981434
-0.001136008347
-0.000233807002
-0.001074948107
-0.0003425281443
-0.001021168714
-0.0004473986779
-0.0009733878965
-0.0005506176923
-0.0009297732016
-0.0006562562594
-0.0008865511918
-0.0007695684932
-0.0008353981182
-0.000887484633
-0.0007596545666
-0.0009578275025
-0.0006316479482
-0
-0.0001252650068
-0.00101074334
-0.0002459734865
-0.0009542396269
-0.0003651574825
-0.0009019847183
-0.0004861617806
-0.0008523835984
-0.000611781822
-0.0008041531602
-0.0007408872814
-0.0007574457324
-0.0008599271917
-0.0007163582079
-0.0009259522993
-0.0006936294591
-0.0008401382805
-0.000717461967
-0
-0.0001229122391
-0.0008878311011
-0.0002390585962
-0.0008380932697
-0.0003488610492
-0.0007921822653
-0.0004525150991
-0.0007487295485
-0.0005502165798
-0.0007064516796
-0.0006427996341
-0.000664862678
-0.000732585672
-0.0006265721701
-0.0008223359694
-0.0006038791616
-0.0009034901549
-0.0006363077815
-0
-0.0001191337034
-0.0007686973978
-0.0002291450158
-0.0007280819573
-0.0003272983974
-0.0006940288837
-0.0004087572085
-0.0006672707373
-0.000465713132
-0.000649495756
-0.0004880758909
-0.0006424999191
-0.0004698004027
-0.0006448476583
-0.0004319655246
-0.0006417140398
-0.0004904165622
-0.0005778567438
-0
-0.0001217786763
-0.0006469187215
-0.0002372215312
-0.0006126391024
-0.0003481061859
-0.000583144229
-0.000457742064
-0.0005576348592
-0.0005719804594
-0.0005352573607
-0.0006995063852
-0.0005149739934
-0.0008480894121
-0.0004962646314
-0.001006969849
-0.0004828336026
-0.001089559706
-0.0004952668872
-0
-0.0001234431828
-0.0005234755387
-0.0002406738372
-0.000495408448
-0.0003533545722
-0.000470463494
-0.0004636964652
-0.0004472929662
-0.0005744685565
-0.0004244852694
-0.0006886031615
-0.0004008393883
-0.0008087701741
-0.0003760976188
-0.0009395654706
-0.0003520383061
-0.001102272183
-0.0003325601753
-0
-0.0001237796249
-0.0003996959138
-0.0002396750713
-0.0003795130016
-0.0003472028501
-0.0003629357152
-0.0004452254345
-0.0003492703818
-0.0005317731786
-0.0003379375253
-0.0006042381622
-0.0003283744048
-0.0006603073781
-0.0003200284029
-0.0006994680773
-0.0003128776069
-0.0007219418541
-0.0003100863984
-0
-0.0001275295481
-0.0002721663657
-0.0002471368353
-0.0002599057143
-0.0003584033561
-0.0002516691943
-0.0004600562229
-0.0002476175151
-0.0005495928582
-0.00024840089
-0.0006231536921
-0.0002548135708
-0.0006766465268
-0.0002665355682
-0.0007112418603
-0.0002782822734
-0.0007519123798
-0.000269415879
-0
-0.0001342555978
-0.0001379107679
-0.0002623925504
-0.0001317687618
-0.0003866384124
-0.0001274233323
-0.0005098876333
-0.0001243682941
-0.0006362902761
-0.0001219982472
-0.0007713415704
-0.0001197622765
-0.000919681961
-0.0001181951776
-0.001075590362
-0.000122373872
-0.00119362942
-0.0001513768216
-0
-0.000137910768
5.821164037e-14
-0.0002696795298
5.354867244e-14
-0.0003971028622
5.293542341e-14
-0.0005214711564
4.912421511e-14
-0.0006434694036
4.415895427e-14
-0.0007632316802
3.944918003e-14
-0.0008814268578
3.498478243e-14
-0.00100380073
2.473781249e-14
-0.001155177551
1.514774764e-14
-0
-0.000137910768
0.000137910768
-0.0002696795298
0.0001317687619
-0.0003971028622
0.0001274233324
-0.0005214711564
0.0001243682943
-0.0006434694036
0.0001219982473
-0.0007632316802
0.0001197622766
-0.0008814268578
0.0001181951776
-0.00100380073
0.000122373872
-0.001155177551
0.0001513768217
0
-0.0001342555978
0.0002721663658
-0.0002623925504
0.0002599057145
-0.0003866384124
0.0002516691944
-0.0005098876333
0.0002476175152
-0.0006362902761
0.0002484008901
-0.0007713415704
0.0002548135709
-0.0009196819611
0.0002665355683
-0.001075590362
0.0002782822735
-0.00119362942
0.0002694158791
0
-0.0001275295481
0.0003996959139
-0.0002471368353
0.0003795130017
-0.0003584033562
0.0003629357153
-0.0004600562229
0.0003492703819
-0.0005495928582
0.0003379375254
-0.0006231536922
0.0003283744049
-0.0006766465269
0.0003200284029
-0.0007112418603
0.000312877607
-0.0007519123798
0.0003100863986
0
-0.0001237796249
0.0005234755388
-0.0002396750713
0.0004954084481
-0.0003472028502
0.0004704634941
-0.0004452254346
0.0004472929664
-0.0005317731787
0.0004244852695
-0.0006042381622
0.0004008393884
-0.0006603073781
0.0003760976189
-0.0006994680773
0.0003520383062
-0.000721941854
0.0003325601752
0
-0.0001234431829
0.0006469187217
-0.0002406738373
0.0006126391025
-0.0003533545723
0.0005831442291
-0.0004636964652
0.0005576348593
-0.0005744685565
0.0005352573608
-0.0006886031616
0.0005149739935
-0.000808770174
0.0004962646313
-0.0009395654702
0.0004828336024
-0.001102272182
0.000495266887
0
-0.0001217786762
0.0007686973979
-0.0002372215312
0.0007280819574
-0.0003481061859
0.0006940288839
-0.0004577420641
0.0006672707375
-0.0005719804594
0.0006494957561
-0.0006995063849
0.000642499919
-0.0008480894118
0.0006448476582
-0.001006969849
0.0006417140398
-0.001089559706
0.0005778567438
0
-0.0001191337034
0.0008878311013
-0.0002291450158
0.0008380932699
-0.0003272983974
0.0007921822655
-0.0004087572087
0.0007487295487
-0.0004657131322
0.0007064516795
-0.000488075891
0.0006648626778
-0.0004698004029
0.0006265721701
-0.0004319655247
0.0006038791616
-0.0004904165624
0.0006363077815
0
-0.0001229122391
0.00101074334
-0.0002390585962
0.000954239627
-0.0003488610491
0.0009019847184
-0.0004525150988
0.0008523835985
-0.0005502165794
0.0008041531601
-0.0006427996339
0.0007574457323
-0.0007325856719
0.0007163582082
-0.0008223359696
0.0006936294593
-0.000903490155
0.0007174619669
0
-0.0001252650068
0.001136008347
-0.0002459734865
0.001074948107
-0.0003651574825
0.001021168714
-0.0004861617807
0.0009733878967
-0.0006117818221
0.0009297732015
-0.0007408872816
0.0008865511918
-0.0008599271918
0.0008353981183
-0.0009259522992
0.0007596545668
-0.0008401382806
0.0006316479482
0
-0.000119981434
0.001255989781
-0.0002338070019
0.001188773675
-0.0003425281442
0.001129889857
-0.0004473986776
0.00107825843
-0.0005506176921
0.001032992216
-0.0006562562593
0.0009921897591
-0.0007695684932
0.0009487103522
-0.000887484633
0.0008775707065
-0.0009578275027
0.0007019908179
0
-0.0001143966702
0.001370386451
-0.0002211944743
0.001295571479
-0.0003187615874
0.00122745697
-0.000403283105
0.001162779948
-0.0004684966425
0.001098205753
-0.000508648223
0.00103234134
-0.0005324780495
0.0009725401787
-0.0006087821519
0.0009538748089
-0.0009933598396
0.001086568506
0
-0.0001148746885
0.00148526114
-0.0002268197863
0.001407516576
-0.0003408182403
0.001341455424
-0.0004643011932
0.001286262901
-0.0006084041106
0.001242308671
-0.000786993909
0.001210931138
-0.001007775704
0.001193321974
-0.001240834537
0.001186933642
-0.00133038177
0.001176115738
0
-0.000108078277
0.001593339417
-0.0002120395194
0.001511477819
-0.000314270925
0.001443686829
-0.0004173459821
0.001389337958
-0.0005239991097
0.001348961798
-0.0006356611118
0.00132259314
-0.0007465878109
0.001304248673
-0.0008258749599
0.001266220791
-0.000768721454
0.001118962232
0
-9.730931506e-05
0.001690648732
-0.0001875942321
0.001601762736
-0.0002678492416
0.001523941839
-0.0003310656956
0.001452554412
-0.0003646023553
0.001382498458
-0.0003514006841
0.001309391469
-0.0002824621105
0.001235310099
-0.0002033784627
0.001187137143
-0.000351087038
0.001266670808
0
-9.163988137e-05
0.001782288613
-0.0001813495968
0.001691472451
-0.0002732740407
0.001615866283
-0.0003736141734
0.001552894544
-0.0004923287719
0.001501213057
-0.0006437082838
0.001460770981
-0.0008402299313
0.001431831747
-0.001062168749
0.00140907596
-0.001154914864
0.001359416923
0
-7.752734893e-05
0.001859815962
-0.0001531968286
0.001767141931
-0.0002297953044
0.001692464758
-0.0003102369435
0.001633336183
-0.0003967599286
0.001587736042
-0.0004884700825
0.001552481135
-0.0005774166841
0.001520778349
-0.0006484187736
0.00148007805
-0.0007052752507
0.0014162734
0
-5.690141236e-05
0.001916717375
-0.0001093243044
0.001819564823
-0.0001560377409
0.001739178195
-0.0001955302922
0.001672828735
-0.0002270263591
0.001619232109
-0.000252976396
0.001578431172
-0.0002825059651
0.001550307918
-0.0003300645189
0.001527636604
-0.000385876917
0.001472085798
0
-4.091297595e-05
0.001957630351
-7.736154463e-05
0.001856013392
-0.0001061563744
0.001767973025
-0.0001211337144
0.001687806075
-0.0001114196989
0.001609518093
-6.089710408e-05
0.001527908577
4.567481196e-05
0.001443736002
0.0001928672703
0.001380444145
0.0002339275003
0.001431025568
0
-3.180811294e-05
0.001989438463
-6.571546526e-05
0.001889920744
-0.0001068216224
0.001809079182
-0.0001633707256
0.001744355178
-0.0002486711435
0.001694818511
-0.0003812389542
0.001660476387
-0.0005762821259
0.001638779173
-0.0008074278932
0.001611589913
-0.000881073608
0.001504671283
0
-1.234068044e-05
-2.584950283e-05
-4.221532332e-05
-6.274022978e-05
-8.735774921e-05
-0.0001135186259
-0.0001391819438
-0.0001860174539
-0.0003923272057
)
;

boundaryField
{
    oversetFaces
    {
        type            overset;
        value           nonuniform 0();
    }
    in
    {
        type            calculated;
        value           nonuniform List<scalar> 
25
(
-0.002002
-0.002002
-0.002002
-0.002002
-0.002002
-0.002002
-0.002002
-0.002002
-0.002002
-0.002002
-0.002002
-0.002002
-0.002002
-0.002002
-0.002002
-0.002002
-0.002002
-0.002002
-0.002002
-0.002002
-0.002002
-0.002002
-0.002002
-0.002002
-0.002002
)
;
    }
    out
    {
        type            calculated;
        value           nonuniform List<scalar> 
25
(
0.002002024253
0.002002020882
0.002002014351
0.002002005072
0.002001993626
0.002001980732
0.002001967203
0.002001953885
0.002001941618
0.002001931172
0.002001923203
0.002001918211
0.002001916512
0.002001918211
0.002001923203
0.002001931172
0.002001941618
0.002001953885
0.002001967203
0.002001980732
0.002001993626
0.002002005072
0.002002014351
0.002002020882
0.002002024253
)
;
    }
    top
    {
        type            calculated;
        value           uniform 0;
    }
    bottom
    {
        type            calculated;
        value           uniform 0;
    }
    cylinder
    {
        type            calculated;
        value           uniform 0;
    }
    outerCylinder
    {
        type            calculated;
        value           uniform 0;
    }
    frontAndBack
    {
        type            empty;
    }
}


// ************************************************************************* //
