/*--------------------------------*- C++ -*----------------------------------*\
| =========                 |                                                 |
| \\      /  F ield         | OpenFOAM Extend Project: Open source CFD        |
|  \\    /   O peration     | Version:  1.6-ext                               |
|   \\  /    A nd           | Web:      www.extend-project.de                 |
|    \\/     M anipulation  |                                                 |
\*---------------------------------------------------------------------------*/
FoamFile
{
    version     2.0;
    format      ascii;
    class       volVectorField;
    location    "0";
    object      U;
}
// * * * * * * * * * * * * * * * * * * * * * * * * * * * * * * * * * * * * * //

dimensions      [0 1 -1 0 0 0 0];

internalField   nonuniform List<vector> 
2675
(
(1.001393359 -0.001394752721 0)
(1.004258412 -0.001473164774 0)
(1.007362264 -0.001633791134 0)
(1.010876826 -0.001884285835 0)
(1.014993223 -0.002236227473 0)
(1.019929677 -0.002705162772 0)
(1.025939391 -0.003310560971 0)
(1.033318244 -0.004075670448 0)
(1.042412316 -0.00502749587 0)
(1.05362636 -0.006197761911 0)
(1.067437539 -0.007627228335 0)
(1.084426252 -0.009378473514 0)
(1.105349222 -0.01156541955 0)
(1.131293874 -0.01440517746 0)
(1.163934638 -0.01826822718 0)
(1.205765473 -0.02360443894 0)
(1.259772053 -0.03045614739 0)
(1.327599365 -0.03743899213 0)
(1.406987544 -0.04202857495 0)
(1.495421369 -0.04649368324 0)
(1.588751064 -0.04692934218 0)
(1.688818972 -0.05323863378 0)
(1.786614396 -0.04465458536 0)
(1.880548984 -0.0493739372 0)
(1.929202729 0.0006715386034 0)
(1.929204996 -0.0006738075609 0)
(1.880556373 0.04937107916 0)
(1.786627985 0.04465123725 0)
(1.688840263 0.05323427242 0)
(1.588782088 0.04692396009 0)
(1.495464453 0.04648699248 0)
(1.407045695 0.04202018484 0)
(1.327676432 0.03742844726 0)
(1.259872616 0.03044317246 0)
(1.205895124 0.02358829724 0)
(1.164100823 0.01824779735 0)
(1.131506549 0.01437907146 0)
(1.105621394 0.01153196841 0)
(1.084774643 0.009335629816 0)
(1.067883475 0.007572429171 0)
(1.054196967 0.006127765118 0)
(1.043142074 0.004938182502 0)
(1.034250981 0.003961801812 0)
(1.027130824 0.003165475463 0)
(1.021450634 0.002520394756 0)
(1.016933729 0.0020010276 0)
(1.013351264 0.001585019157 0)
(1.010515897 0.001253183944 0)
(1.008275587 0.0009893658665 0)
(1.006507817 0.0007801715958 0)
(1.005114406 0.0006146335824 0)
(1.004017014 0.0004838551443 0)
(1.003153351 0.0003806713406 0)
(1.002474016 0.0002993434776 0)
(1.001939912 0.0002352947756 0)
(1.00152015 0.0001848871011 0)
(1.001190356 0.0001452360294 0)
(1.00093132 0.0001140592788 0)
(1.000727911 8.955352887e-05 0)
(1.000568221 7.029579178e-05 0)
(1.000442886 5.516448654e-05 0)
(1.000344544 4.327595325e-05 0)
(1.000267411 3.393420734e-05 0)
(1.000206946 2.659172881e-05 0)
(1.000159584 2.081738831e-05 0)
(1.000122532 1.627148829e-05 0)
(1.000093603 1.268655091e-05 0)
(1.000071088 9.851251744e-06 0)
(1.000053655 7.59846924e-06 0)
(1.000040275 5.795213822e-06 0)
(1.000030155 4.334823746e-06 0)
(1.000022697 3.131021678e-06 0)
(1.000017458 2.112636415e-06 0)
(1.000014129 1.219535247e-06 0)
(1.000012513 3.986845463e-07 0)
(1.001309636 -0.004100450655 0)
(1.004003202 -0.00433164384 0)
(1.006923415 -0.00480540132 0)
(1.010234005 -0.005544653484 0)
(1.014117936 -0.006584187839 0)
(1.018785574 -0.007970898505 0)
(1.024483097 -0.009763769787 0)
(1.031500816 -0.01203342937 0)
(1.040180777 -0.01486154405 0)
(1.050922862 -0.01834179923 0)
(1.064189468 -0.022588054 0)
(1.080513405 -0.02776361027 0)
(1.100528692 -0.03415947809 0)
(1.125082184 -0.04235976166 0)
(1.155551972 -0.05348730493 0)
(1.194511097 -0.06925611201 0)
(1.24636322 -0.09076903593 0)
(1.315459805 -0.1141869244 0)
(1.397986625 -0.1273575564 0)
(1.491054389 -0.1428477919 0)
(1.584176344 -0.1372133361 0)
(1.686746709 -0.1657955505 0)
(1.799105756 -0.1424622941 0)
(1.922696682 -0.1693092679 0)
(1.972573793 0.0219774823 -1.899519468e-34)
(1.972575547 -0.02198377599 -1.899521157e-34)
(1.92270279 0.1693009497 0)
(1.799117813 0.1424522445 0)
(1.686766184 0.1657827561 0)
(1.584204856 0.1371975977 0)
(1.491094209 0.1428280652 0)
(1.398040836 0.1273327162 0)
(1.315532212 0.11415568 0)
(1.246457865 0.09073098081 0)
(1.194632748 0.06920890126 0)
(1.155707481 0.05342747954 0)
(1.125280967 0.0422831995 0)
(1.100783057 0.03406128761 0)
(1.080839113 0.02763779699 0)
(1.064606563 0.02242710373 0)
(1.051456803 0.01813619463 0)
(1.04086391 0.01459918657 0)
(1.032374254 0.01169892695 0)
(1.025599112 0.009337545178 0)
(1.020210628 0.007428067591 0)
(1.015936532 0.005893146929 0)
(1.012553558 0.004665304361 0)
(1.009880406 0.003686926931 0)
(1.007770955 0.00290973285 0)
(1.006108105 0.002293855341 0)
(1.00479842 0.001806749122 0)
(1.003767603 0.00142207608 0)
(1.002956728 0.001118662968 0)
(1.002319157 0.0008795748311 0)
(1.001818041 0.0006913195381 0)
(1.001424298 0.0005431808904 0)
(1.001115005 0.0004266677 0)
(1.000872106 0.0003350642172 0)
(1.000681392 0.000263066587 0)
(1.000531683 0.0002064909995 0)
(1.00041419 0.0001620400758 0)
(1.000322006 0.0001271164923 0)
(1.000249707 9.967538116e-05 0)
(1.000193032 7.810747124e-05 0)
(1.000148642 6.114591105e-05 0)
(1.000113915 4.779319091e-05 0)
(1.000086802 3.726325443e-05 0)
(1.0000657 2.893528597e-05 0)
(1.000049362 2.231824339e-05 0)
(1.000036822 1.702149609e-05 0)
(1.000027338 1.273207297e-05 0)
(1.000020349 9.196485916e-06 0)
(1.000015439 6.205462134e-06 0)
(1.000012319 3.582053693e-06 0)
(1.000010804 1.170904463e-06 0)
(1.001146468 -0.006559010803 0)
(1.003505643 -0.006930877001 0)
(1.006067173 -0.007693392765 0)
(1.008978258 -0.008884559296 0)
(1.012405085 -0.01056235064 0)
(1.016541446 -0.01280553906 0)
(1.021618188 -0.01571416877 0)
(1.027913223 -0.0194090961 0)
(1.035760922 -0.02403006478 0)
(1.045557739 -0.0297327202 0)
(1.057757185 -0.03668865138 0)
(1.07284247 -0.04510364329 0)
(1.091267165 -0.0552978676 0)
(1.113398743 -0.0679531271 0)
(1.139697227 -0.08471897905 0)
(1.171911026 -0.1092685356 0)
(1.216604893 -0.1473991489 0)
(1.287690845 -0.1978795308 0)
(1.378629305 -0.2173036953 0)
(1.486007048 -0.2535476055 0)
(1.580492179 -0.2143082157 0)
(1.650979499 -0.2619314123 0)
(1.833833869 -0.3418350639 0)
(2.025770013 -0.2857790947 0)
(2.058383851 0.05587386894 0)
(2.058384755 -0.05588282404 0)
(2.025772586 0.2857674093 0)
(1.833842822 0.34181604 0)
(1.650996405 0.2619122056 0)
(1.580515394 0.2142835288 0)
(1.486040015 0.2535157468 0)
(1.378675841 0.2172629987 0)
(1.287754731 0.1978285608 0)
(1.216688502 0.1473388167 0)
(1.172017212 0.1091939695 0)
(1.13983192 0.08462407987 0)
(1.113570479 0.06783124345 0)
(1.091486946 0.0551412673 0)
(1.073124184 0.04490282994 0)
(1.058118374 0.03643167014 0)
(1.046020618 0.02940439102 0)
(1.036353694 0.02361106752 0)
(1.02867173 0.01887483694 0)
(1.022588012 0.01503335423 0)
(1.017780573 0.01193837776 0)
(1.013987288 0.009458284925 0)
(1.010997392 0.007479409158 0)
(1.008642626 0.005905768497 0)
(1.00678924 0.004657690387 0)
(1.005331223 0.003669886322 0)
(1.004184712 0.002889369454 0)
(1.003283467 0.002273449845 0)
(1.002575226 0.001787925158 0)
(1.002018793 0.001405510397 0)
(1.001581721 0.00110451068 0)
(1.001238469 0.0008677210713 0)
(1.000968944 0.0006815246629 0)
(1.000757343 0.0005351616262 0)
(1.000591242 0.0004201409535 0)
(1.00046088 0.0003297681754 0)
(1.000358586 0.0002587692623 0)
(1.000278338 0.0002029916377 0)
(1.000215406 0.0001591671715 0)
(1.000166078 0.0001247238976 0)
(1.000127443 9.763762932e-05 0)
(1.000097221 7.631515513e-05 0)
(1.000073626 5.950053098e-05 0)
(1.000055263 4.620239571e-05 0)
(1.000041046 3.563641687e-05 0)
(1.000030134 2.717867456e-05 0)
(1.000021881 2.032957003e-05 0)
(1.000015798 1.468425677e-05 0)
(1.000011527 9.908543067e-06 0)
(1.000008812 5.719619466e-06 0)
(1.000007493 1.869575018e-06 0)
(1.000912412 -0.008619950621 0)
(1.002791505 -0.009112442142 0)
(1.004836745 -0.01012320476 0)
(1.007170293 -0.0117046253 0)
(1.009932239 -0.01393724596 0)
(1.013289504 -0.01693176421 0)
(1.017446529 -0.02083094403 0)
(1.022658084 -0.02581041665 0)
(1.029243751 -0.03207654318 0)
(1.037600916 -0.03985837807 0)
(1.048205714 -0.04939004213 0)
(1.061573018 -0.06088329384 0)
(1.078107897 -0.07451275117 0)
(1.097726776 -0.09053045071 0)
(1.119197115 -0.1099582467 0)
(1.140191229 -0.1372903891 0)
(1.164284115 -0.1882328358 0)
(1.230749976 -0.2947352085 0)
(1.346364302 -0.327207357 0)
(1.48024803 -0.385146676 0)
(1.664711591 -0.3619367858 0)
(1.79451988 -0.3147987462 0)
(1.920419783 -0.2900842149 3.278148424e-21)
(1.886203366 -0.4626368471 3.290024901e-21)
(2.184517457 0.02906315876 0)
(2.184517452 -0.02907135516 0)
(1.88620325 0.4626270736 -3.290020603e-21)
(1.920423619 0.290074993 -3.278150988e-21)
(1.794529708 0.3147783338 0)
(1.664723834 0.3619045719 0)
(1.480269002 0.3851038458 0)
(1.346400085 0.327149223 0)
(1.230804047 0.2946660017 0)
(1.164353193 0.1881559764 0)
(1.140275209 0.1371948333 0)
(1.119301727 0.1098351484 0)
(1.097859717 0.09037132988 0)
(1.078278332 0.07430776393 0)
(1.061792112 0.06062016369 0)
(1.048487394 0.04905317585 0)
(1.037962756 0.03942790064 0)
(1.02970804 0.03152712032 0)
(1.02325315 0.02510977441 0)
(1.018208418 0.01993799558 0)
(1.014264107 0.0157942385 0)
(1.011178006 0.01248868989 0)
(1.008761692 0.009860618994 0)
(1.006868672 0.007776593063 0)
(1.005384916 0.006127344575 0)
(1.004221523 0.004824263788 0)
(1.003309078 0.003796007051 0)
(1.00259331 0.002985441898 0)
(1.002031749 0.002347005502 0)
(1.001591131 0.001844478185 0)
(1.001245389 0.001449139606 0)
(1.000974086 0.001138261109 0)
(1.000761195 0.0008938837414 0)
(1.000594142 0.0007018351743 0)
(1.000463065 0.0005509423585 0)
(1.000360224 0.0004324032421 0)
(1.000279547 0.0003392877769 0)
(1.000216269 0.0002661424859 0)
(1.000166654 0.0002086767643 0)
(1.000127769 0.0001635150977 0)
(1.000097317 0.0001280018407 0)
(1.000073498 0.0001000465334 0)
(1.000054902 7.800194078e-05 0)
(1.000040431 6.056818207e-05 0)
(1.000029228 4.671649897e-05 0)
(1.000020629 3.56288712e-05 0)
(1.000014126 2.665016276e-05 0)
(1.000009333 1.924949379e-05 0)
(1.000005967 1.2988971e-05 0)
(1.000003828 7.497875283e-06 0)
(1.000002789 2.450901423e-06 0)
(1.000620209 -0.01015410444 0)
(1.001899302 -0.01073963222 0)
(1.00329721 -0.01194260583 0)
(1.004902712 -0.01382821358 0)
(1.006820003 -0.01649757374 0)
(1.009177147 -0.0200915598 0)
(1.012137265 -0.0247954086 0)
(1.015913916 -0.03084314665 0)
(1.020792462 -0.03851948914 0)
(1.027158842 -0.048153701 0)
(1.035533322 -0.06009297706 0)
(1.046590141 -0.07462890648 0)
(1.0610835 -0.09182640453 0)
(1.079390344 -0.1111804458 0)
(1.099693027 -0.1311230463 0)
(1.112173607 -0.1496337585 0)
(1.09002757 -0.1778382627 0)
(1.0821169 -0.3637435268 0)
(1.332815551 -0.6248783294 0)
(1.540007946 -0.4288929029 0)
(1.510933614 -0.6519376315 0)
(1.844690559 -0.2489457113 5.951762786e-21)
(2.060425953 -0.3898378539 0)
(2.045385661 -0.340390907 0)
(2.278546486 -0.02893834829 -1.025576435e-22)
(2.278545867 0.0289311196 -1.025698388e-22)
(2.04538375 0.3403808581 0)
(2.06042331 0.3898240219 0)
(1.844688864 0.2489214819 -5.951720399e-21)
(1.510932001 0.6519034376 0)
(1.540003171 0.4288408673 0)
(1.332840089 0.6247852324 0)
(1.082168526 0.3636638611 0)
(1.090079733 0.1777563043 0)
(1.112228384 0.1495257677 0)
(1.099759219 0.1309803031 0)
(1.079474785 0.1109943454 0)
(1.061192784 0.09158599866 0)
(1.046731862 0.07432001787 0)
(1.035716845 0.05969737637 0)
(1.027395964 0.04764806415 0)
(1.021098144 0.03787404543 0)
(1.016307185 0.03001994343 0)
(1.012642352 0.02374610166 0)
(1.009824949 0.01875460803 0)
(1.007649949 0.01479468288 0)
(1.005965157 0.01165983256 0)
(1.004656525 0.009182233115 0)
(1.003637858 0.007226630065 0)
(1.002843537 0.005684650227 0)
(1.002223307 0.004469829131 0)
(1.001738489 0.003513405507 0)
(1.001359198 0.002760834334 0)
(1.001062269 0.002168934688 0)
(1.000829696 0.001703576559 0)
(1.000647459 0.001337817667 0)
(1.000504621 0.001050411812 0)
(1.000392641 0.0008246185569 0)
(1.00030484 0.0006472559346 0)
(1.000235993 0.000507949571 0)
(1.000182009 0.0003985378811 0)
(1.000139682 0.0003126019256 0)
(1.000106504 0.0002450938596 0)
(1.000080507 0.0001920442157 0)
(1.000060152 0.0001503308317 0)
(1.000044232 0.0001174962581 0)
(1.000031806 9.160505983e-05 0)
(1.000022136 7.113008422e-05 0)
(1.00001465 5.486244515e-05 0)
(1.000008905 4.184115761e-05 0)
(1.00000456 3.129668877e-05 0)
(1.000001358 2.260550977e-05 0)
(0.9999991097 1.525338454e-05 0)
(0.9999976808 8.80496698e-06 0)
(0.999996987 2.878173474e-06 0)
(1.000286493 -0.01106171297 0)
(1.000879536 -0.0117060325 0)
(1.001534649 -0.0130312786 0)
(1.00229982 -0.01511258527 0)
(1.003233995 -0.01806751898 0)
(1.004413786 -0.02206208644 0)
(1.005943238 -0.02731894185 0)
(1.007968827 -0.03412765638 0)
(1.010703703 -0.04285601368 0)
(1.014468486 -0.05395847103 0)
(1.019762019 -0.06796988862 0)
(1.027386168 -0.08545164378 0)
(1.038670015 -0.1068066498 0)
(1.05588354 -0.1317560898 0)
(1.082812517 -0.1578262937 0)
(1.121639463 -0.1742893449 0)
(1.115504407 -0.1248733024 0)
(0.765194153 -0.0581293417 0)
(1.246331276 -0.4096694812 -4.112435709e-21)
(1.612350425 -0.2618357685 1.095221013e-20)
(1.652937332 -0.5686993805 0)
(1.893297893 -0.4886362513 -6.467188023e-21)
(2.073477298 -0.5214262592 4.130981628e-21)
(2.310885521 -0.3763510602 -3.966331776e-21)
(2.424209852 -0.06481917084 -2.05136343e-21)
(2.424208747 0.06481409657 2.05136216e-21)
(2.310879783 0.3763436875 3.966319991e-21)
(2.073468446 0.5214119016 -1.032372411e-20)
(1.893289702 0.4886154051 6.467131229e-21)
(1.652924456 0.5686700841 6.037430582e-21)
(1.612340266 0.2617975953 1.053082112e-20)
(1.246321008 0.4096389604 4.112342098e-21)
(0.7652581457 0.05808381991 0)
(1.115525409 0.124799697 0)
(1.121655111 0.1741757442 0)
(1.08283343 0.1576724625 0)
(1.05591276 0.1315544949 0)
(1.038710231 0.1065458644 0)
(1.027440646 0.08511639007 0)
(1.019834894 0.06754039393 0)
(1.01456501 0.05340940169 0)
(1.010830555 0.04215501526 0)
(1.008134514 0.03323346028 0)
(1.006158623 0.02617894919 0)
(1.004692775 0.0206092952 0)
(1.003594425 0.01621661873 0)
(1.002764631 0.01275499724 0)
(1.002133411 0.01002886077 0)
(1.001650486 0.007883095791 0)
(1.001279252 0.006194904873 0)
(1.00099275 0.00486721391 0)
(1.000770922 0.003823373156 0)
(1.000598713 0.003002917676 0)
(1.000464737 0.002358188431 0)
(1.000360324 0.001851645261 0)
(1.000278839 0.00145373452 0)
(1.000215178 0.001141200787 0)
(1.000165397 0.0008957513908 0)
(1.000126446 0.0007030016755 0)
(1.000095954 0.0005516428493 0)
(1.000072075 0.000432785829 0)
(1.000053373 0.0003394439578 0)
(1.000038725 0.0002661261237 0)
(1.000027255 0.0002085160577 0)
(1.000018279 0.0001632197455 0)
(1.000011261 0.0001275669502 0)
(1.000005786 9.945469668e-05 0)
(1.000001525 7.722405361e-05 0)
(0.9999982284 5.956199563e-05 0)
(0.9999956986 4.542488845e-05 0)
(0.9999937855 3.39771415e-05 0)
(0.9999923756 2.454146707e-05 0)
(0.9999913855 1.655954988e-05 0)
(0.9999907564 9.558818597e-06 0)
(0.999990451 3.124542255e-06 0)
(0.9999311736 -0.01127959739 0)
(0.9997928833 -0.01194335548 0)
(0.9996533847 -0.01331008529 0)
(0.9995144215 -0.0154606132 0)
(0.9993823119 -0.01852235763 0)
(0.9992714867 -0.02267728323 0)
(0.999210328 -0.02817350665 0)
(0.999251197 -0.03534161624 0)
(0.999488486 -0.04461719071 0)
(1.000092822 -0.05657078207 0)
(1.001377731 -0.07194259811 0)
(1.003923985 -0.09165950747 0)
(1.008767889 -0.1167426647 0)
(1.017552023 -0.147843732 0)
(1.032997545 -0.1841555242 0)
(1.071510857 -0.2253777124 0)
(1.321057013 -0.3174394466 0)
(1.023900762 -0.3389840779 3.126350693e-21)
(1.19258872 -0.5185642816 0)
(1.246112511 -0.6418385896 -4.622740613e-21)
(1.494083043 -0.7440332671 -4.617018738e-21)
(1.878057483 -0.8974184454 7.96248385e-21)
(2.123936623 -0.9273394537 0)
(0 0 0)
(0 0 0)
(0 0 0)
(0 0 0)
(2.123916464 0.9273276686 0)
(1.878036766 0.8973989966 -6.137297258e-21)
(1.494065546 0.7439979906 -4.61724743e-21)
(1.24610555 0.6417920872 4.622620354e-21)
(1.19258851 0.5185102486 0)
(1.023942606 0.3389068431 -1.118056867e-20)
(1.321009755 0.3173513195 0)
(1.071485761 0.2252618083 0)
(1.032971937 0.1839992384 0)
(1.017523706 0.1476389888 0)
(1.008735763 0.1164778326 0)
(1.003886916 0.09131897319 0)
(1.001334424 0.0715062134 0)
(1.000041678 0.05601277419 0)
(0.9994274763 0.0439046484 0)
(0.9991777487 0.03443254117 0)
(0.999121204 0.02701433622 0)
(0.9991626468 0.02119973824 0)
(0.9992487562 0.01663942805 0)
(0.9993500221 0.0130614445 0)
(0.9994507244 0.01025346229 0)
(0.9995431357 0.008049398217 0)
(0.9996240864 0.006319175662 0)
(0.9996929169 0.004960832549 0)
(0.9997502651 0.003894399044 0)
(0.9997973615 0.003057129315 0)
(0.9998356325 0.002399777766 0)
(0.9998664875 0.001883686961 0)
(0.9998912149 0.001478507088 0)
(0.9999109406 0.001160408304 0)
(0.9999266202 0.000910678506 0)
(0.9999390486 0.0007146236771 0)
(0.999948878 0.0005607046298 0)
(0.9999566378 0.0004398590433 0)
(0.9999627543 0.0003449692186 0)
(0.9999675691 0.0002704440464 0)
(0.9999713544 0.0002118905239 0)
(0.9999743261 0.0001658557036 0)
(0.9999766551 0.0001296238327 0)
(0.999978476 0.0001010564032 0)
(0.9999798949 7.846645665e-05 0)
(0.9999809943 6.051934697e-05 0)
(0.9999818388 4.615457263e-05 0)
(0.9999824779 3.452274149e-05 0)
(0.9999829491 2.493549756e-05 0)
(0.99998328 1.682537466e-05 0)
(0.9999834903 9.712174869e-06 0)
(0.9999835925 3.174647215e-06 0)
(0.99957641 -0.01078668867 0)
(0.9987071139 -0.01142767012 0)
(0.9977707638 -0.01274884604 0)
(0.9967203787 -0.01483131479 0)
(0.9955058368 -0.01780365789 0)
(0.9940732516 -0.02185102923 0)
(0.9923651964 -0.02722877754 0)
(0.9903225049 -0.03428252099 0)
(0.9878895722 -0.04347844666 0)
(0.9850297129 -0.05545174705 0)
(0.9817750184 -0.07108987778 0)
(0.9783985711 -0.09168120444 0)
(0.9759834292 -0.1191521589 0)
(0.9779415986 -0.1561872837 0)
(0.9911038024 -0.2044483054 0)
(0.9979153379 -0.2504551033 0)
(0.9536707385 -0.4978689144 0)
(0.9358246312 -0.4158383806 -1.041787312e-20)
(1.087092906 -0.5396943536 1.082427118e-20)
(1.174403745 -0.7784503418 4.526251719e-21)
(1.324824728 -1.008631227 0)
(0 0 0)
(0 0 0)
(0 0 0)
(0 0 0)
(0 0 0)
(0 0 0)
(0 0 0)
(0 0 0)
(1.324794911 1.008590219 0)
(1.174382804 0.7783965782 4.526537912e-21)
(1.087079736 0.5396271001 3.259896068e-21)
(0.9358015215 0.4157547671 -4.411466683e-21)
(0.9536230238 0.4977658222 0)
(0.9978545918 0.2503450242 0)
(0.9910316863 0.2042980889 0)
(0.9778566685 0.1559920101 0)
(0.9758801691 0.1189000176 0)
(0.9782713656 0.09135689677 0)
(0.9816172649 0.07067408931 0)
(0.9848330865 0.05491989945 0)
(0.9876434563 0.04279915882 0)
(0.9900133767 0.03341571769 0)
(0.9919758667 0.02612330856 0)
(0.993581902 0.02044164031 0)
(0.9948848057 0.01600712387 0)
(0.9959346397 0.01254149764 0)
(0.9967760305 0.009830373914 0)
(0.9974474965 0.007707845447 0)
(0.9979815428 0.006045116462 0)
(0.9984051496 0.00474196204 0)
(0.9987404343 0.003720244086 0)
(0.999005357 0.00291895308 0)
(0.9992143963 0.002290396371 0)
(0.9993791582 0.001797255905 0)
(0.9995089052 0.001410309236 0)
(0.9996110044 0.001106659442 0)
(0.999691299 0.0008683572299 0)
(0.9997544135 0.0006813264469 0)
(0.9998040017 0.0005345248443 0)
(0.9998429463 0.0004192878128 0)
(0.9998735187 0.0003288147524 0)
(0.9998975072 0.0002577663832 0)
(0.999916318 0.0002019495428 0)
(0.9999310558 0.0001580694701 0)
(0.9999425877 0.000123535378 0)
(0.9999515929 9.63078568e-05 0)
(0.9999586025 7.477817102e-05 0)
(0.9999640301 5.767400816e-05 0)
(0.9999681963 4.398422856e-05 0)
(0.9999713475 3.289907202e-05 0)
(0.99997367 2.376259433e-05 0)
(0.9999753015 1.603394001e-05 0)
(0.9999763381 9.255414258e-06 0)
(0.9999768414 3.025365133e-06 0)
(0.9992452258 -0.009607146167 0)
(0.9976928212 -0.0101830902 0)
(0.9960096541 -0.01137128921 0)
(0.9941011684 -0.01324704188 0)
(0.9918614924 -0.01593025873 0)
(0.9891683969 -0.0195946221 0)
(0.9858775852 -0.02448131886 0)
(0.9818155754 -0.03091917362 0)
(0.9767690019 -0.03935480834 0)
(0.9704640806 -0.05040143997 0)
(0.9625199988 -0.06493020992 0)
(0.9523446926 -0.08427556695 0)
(0.9389852834 -0.1107674708 0)
(0.9216341776 -0.1491636426 0)
(0.9070800595 -0.2100786401 0)
(0.9695881354 -0.3142136996 0)
(0.9425717801 -0.3538549859 -2.518078934e-21)
(0.744956701 -0.5825195635 -2.046869352e-21)
(0.8751584503 -0.6999901192 0)
(0.8066365391 -0.8992120071 1.159543061e-21)
(0 0 0)
(0 0 0)
(0 0 0)
(0 0 0)
(0 0 0)
(0 0 0)
(0 0 0)
(0 0 0)
(0 0 0)
(0 0 0)
(0.8066001238 0.8991474326 1.159580991e-21)
(0.8751288524 0.6999237057 0)
(0.7449361329 0.5824336329 -2.904123909e-21)
(0.9425269793 0.3537679128 -7.075287596e-21)
(0.9694789555 0.3141005356 0)
(0.9069701563 0.2099436139 0)
(0.9214992015 0.1489911036 0)
(0.9388168678 0.1105444161 0)
(0.9521343747 0.0839880861 0)
(0.9622566744 0.06456123282 0)
(0.9701332867 0.04992922963 0)
(0.9763521834 0.03875153288 0)
(0.9812890719 0.03014922793 0)
(0.9852112853 0.02349921023 0)
(0.9883240026 0.01834226726 0)
(0.990790307 0.0143335196 0)
(0.992741291 0.01121128299 0)
(0.9942824307 0.008775675615 0)
(0.9954983627 0.006873258303 0)
(0.9964567633 0.005385764305 0)
(0.9972115658 0.004221726526 0)
(0.9978056286 0.003310202772 0)
(0.9982729289 0.002596039104 0)
(0.9986403516 0.002036271887 0)
(0.9989291369 0.001597379741 0)
(0.9991560443 0.00125317428 0)
(0.9993342847 0.0009831744041 0)
(0.9994742632 0.000771348916 0)
(0.9995841693 0.0006051411514 0)
(0.9996704449 0.0004747104524 0)
(0.9997381548 0.0003723410696 0)
(0.9997912793 0.0002919808566 0)
(0.9998329448 0.0002288806437 0)
(0.9998656058 0.0001793121052 0)
(0.9998911879 0.0001403466369 0)
(0.9999112007 0.000109682004 0)
(0.9999268259 8.550619145e-05 0)
(0.9999389867 6.63902535e-05 0)
(0.999948402 5.120416581e-05 0)
(0.9999556287 3.904977919e-05 0)
(0.9999610944 2.920801437e-05 0)
(0.9999651227 2.109647583e-05 0)
(0.9999679519 1.423497209e-05 0)
(0.9999697498 8.217050878e-06 0)
(0.9999706229 2.685970211e-06 0)
(0.9989598728 -0.007810449887 0)
(0.9968183663 -0.008282181453 0)
(0.9944894901 -0.009256142577 0)
(0.9918360771 -0.01079572786 0)
(0.9887018379 -0.01300228376 0)
(0.9849021918 -0.01602336266 0)
(0.9802134559 -0.02006505117 0)
(0.9743595909 -0.02540965064 0)
(0.9669948083 -0.03244056387 0)
(0.9576773993 -0.04167773179 0)
(0.945821221 -0.05383385783 0)
(0.9305882064 -0.06993818981 0)
(0.9106410782 -0.091765004 0)
(0.8836459981 -0.1237755773 0)
(0.8455124494 -0.1827263509 0)
(0.7879652788 -0.3465318551 0)
(0.7702896926 -0.3095321457 0)
(0.6135927266 -0.4561407004 2.831050384e-21)
(0.5937219071 -0.6645850075 4.687794445e-21)
(0.5933931138 -0.9343997818 -4.164301845e-21)
(0 0 0)
(0 0 0)
(0 0 0)
(0 0 0)
(0 0 0)
(0 0 0)
(0 0 0)
(0 0 0)
(0 0 0)
(0 0 0)
(0.5933545681 0.93432905 3.335074974e-21)
(0.5936853571 0.6645145914 -2.919262952e-21)
(0.6135434769 0.4560740951 2.830893497e-21)
(0.7702129033 0.3094542765 0)
(0.7878580729 0.3464256137 0)
(0.8453708554 0.1826195486 0)
(0.8834660555 0.1236382994 0)
(0.9104158738 0.0915854683 0)
(0.9303065369 0.06970565568 0)
(0.9454677365 0.05353488044 0)
(0.9572321985 0.04129486674 0)
(0.9664324742 0.0319513042 0)
(0.9736477684 0.02478512174 0)
(0.9793109706 0.01926831532 0)
(0.983756633 0.01500722409 0)
(0.9872464751 0.01170646014 0)
(0.9899859322 0.009143210855 0)
(0.9921363364 0.00714851239 0)
(0.9938243579 0.005593564037 0)
(0.9951494294 0.004379703052 0)
(0.9961895945 0.003431025212 0)
(0.9970061082 0.002688917002 0)
(0.9976470505 0.002107974009 0)
(0.9981501624 0.0016529318 0)
(0.998545071 0.001296342323 0)
(0.9988550346 0.001016803782 0)
(0.9990983126 0.0007976049417 0)
(0.9992892395 0.0006256820274 0)
(0.9994390687 0.0004908130968 0)
(0.9995566339 0.0003849938321 0)
(0.9996488693 0.0003019524356 0)
(0.9997212169 0.0002367719239 0)
(0.999777947 0.0001855955823 0)
(0.9998224094 0.0001453966816 0)
(0.9998572306 0.0001137983729 0)
(0.9998844682 8.893257603e-05 0)
(0.9999057325 6.932921328e-05 0)
(0.999922281 5.382919659e-05 0)
(0.9999350928 4.151591443e-05 0)
(0.9999449261 3.166100724e-05 0)
(0.999952363 2.368128793e-05 0)
(0.9999578438 1.710456743e-05 0)
(0.9999616935 1.154137086e-05 0)
(0.9999641399 6.66211408e-06 0)
(0.9999653279 2.177705425e-06 0)
(0.9987401076 -0.005508130273 0)
(0.9961445561 -0.005842706031 0)
(0.9933168878 -0.006533916938 0)
(0.9900859498 -0.007627718086 0)
(0.9862547172 -0.009197856316 0)
(0.9815873384 -0.01135229817 0)
(0.9757933808 -0.01424293948 0)
(0.9685081853 -0.01807956276 0)
(0.959267648 -0.02314872655 0)
(0.9474724294 -0.02983582887 0)
(0.9323179168 -0.03863805917 0)
(0.9125678409 -0.05011591493 0)
(0.88555298 -0.06457832773 0)
(0.8423254077 -0.08066937857 0)
(0.7438949219 -0.08913195109 0)
(0.6279253861 -0.2664360317 0)
(0.5439219897 -0.2908184726 3.230480602e-21)
(0.5162191727 -0.3829282711 -2.66236425e-21)
(0.3238042868 -0.5151797803 -3.163292407e-21)
(0 0 0)
(0 0 0)
(0 0 0)
(0 0 0)
(0 0 0)
(0 0 0)
(0 0 0)
(0 0 0)
(0 0 0)
(0 0 0)
(0 0 0)
(0 0 0)
(0.3237752533 0.5151205364 8.34739129e-22)
(0.5161748231 0.3828678523 -2.662186141e-21)
(0.5438577314 0.2907582984 3.230133086e-21)
(0.6278176563 0.2663623648 0)
(0.7437387762 0.0890754612 0)
(0.8421116103 0.08057788449 0)
(0.8852840839 0.06445346896 0)
(0.9122315239 0.04995271373 0)
(0.9318955535 0.03842776794 0)
(0.9469398866 0.02956637544 0)
(0.9585942275 0.0228043243 0)
(0.9676548687 0.01763989029 0)
(0.9747105218 0.01368197258 0)
(0.9802117132 0.01063676622 0)
(0.9845057637 0.008285241522 0)
(0.9878609673 0.006463674058 0)
(0.9904849004 0.005048937531 0)
(0.9925384581 0.003947818222 0)
(0.9941465945 0.003089307701 0)
(0.995406532 0.002419017852 0)
(0.9963940407 0.001895098009 0)
(0.9971682555 0.001485220679 0)
(0.9977753834 0.001164335159 0)
(0.9982515635 0.000912979112 0)
(0.9986250835 0.0007159998703 0)
(0.9989180982 0.0005615798729 0)
(0.9991479678 0.0004404898367 0)
(0.9993283 0.0003455137587 0)
(0.9994697643 0.0002710046395 0)
(0.9995807274 0.0002125399706 0)
(0.9996677508 0.0001666539747 0)
(0.9997359802 0.0001306290946 0)
(0.9997894498 0.0001023331505 0)
(0.9998313217 8.009210235e-05 0)
(0.9998640725 6.259043926e-05 0)
(0.9998896397 4.879308128e-05 0)
(0.999909536 3.788400816e-05 0)
(0.9999249392 2.921793032e-05 0)
(0.9999367612 2.228213106e-05 0)
(0.9999457019 1.666617042e-05 0)
(0.999952291 1.203762109e-05 0)
(0.9999569189 8.122357103e-06 0)
(0.9999598597 4.688496373e-06 0)
(0.9999612878 1.532561386e-06 0)
(0.9986015366 -0.002847116111 0)
(0.9957195235 -0.003020678061 0)
(0.9925766101 -0.003379392609 0)
(0.988979581 -0.003947447309 0)
(0.98470457 -0.004763777242 0)
(0.9794811219 -0.005885659604 0)
(0.9729720456 -0.007394241123 0)
(0.9647471094 -0.009402619161 0)
(0.9542483734 -0.01206665762 0)
(0.9407463793 -0.0155953879 0)
(0.9232970505 -0.02024205489 0)
(0.9007682847 -0.02619079877 0)
(0.8723283254 -0.03299316881 0)
(0.8406007079 -0.03722439244 0)
(0.8300842306 -0.02352102721 0)
(0.794214113 -0.1887030747 -2.283014094e-21)
(0.6472211238 -0.1818730508 0)
(0.4056608041 -0.2019010632 1.284501825e-21)
(0.1006093616 -0.263597474 1.216715156e-22)
(0 0 0)
(0 0 0)
(0 0 0)
(0 0 0)
(0 0 0)
(0 0 0)
(0 0 0)
(0 0 0)
(0 0 0)
(0 0 0)
(0 0 0)
(0 0 0)
(0.1005973688 0.2635647582 -3.551703574e-22)
(0.4056088925 0.2018702007 1.284339452e-21)
(0.6471250724 0.1818369221 2.104933951e-21)
(0.7940975339 0.1886619852 -3.140309782e-22)
(0.8298659299 0.02350218426 0)
(0.840355484 0.03717991085 0)
(0.8720301712 0.03292943461 0)
(0.9003974291 0.02610673543 0)
(0.9228315098 0.02013353783 0)
(0.9401591254 0.01545628498 0)
(0.9535053567 0.011888842 0)
(0.9638051271 0.009175600527 0)
(0.9717761342 0.007104575455 0)
(0.9779612664 0.005516153497 0)
(0.982771514 0.004292451788 0)
(0.9865194721 0.003346198912 0)
(0.9894441407 0.00261226235 0)
(0.9917291274 0.002041610544 0)
(0.9935160643 0.001597046976 0)
(0.9949145772 0.001250169725 0)
(0.9960097562 0.0009791757948 0)
(0.9968677974 0.0007672545535 0)
(0.9975402929 0.0006013983797 0)
(0.998067512 0.0004715131591 0)
(0.9984809236 0.0003697473244 0)
(0.9988051421 0.0002899820082 0)
(0.9990594347 0.0002274413606 0)
(0.9992588917 0.0001783931804 0)
(0.9994153369 0.0001399178767 0)
(0.9995380372 0.000109729661 0)
(0.9996342571 8.603768499e-05 0)
(0.9997096915 6.743799834e-05 0)
(0.9997688042 5.282926596e-05 0)
(0.9998150932 4.13468872e-05 0)
(0.9998512977 3.231149428e-05 0)
(0.9998795601 2.518860216e-05 0)
(0.9999015535 1.955686519e-05 0)
(0.9999185798 1.508310121e-05 0)
(0.9999316474 1.150260426e-05 0)
(0.99994153 8.603481206e-06 0)
(0.9999488132 6.214102534e-06 0)
(0.9999539286 4.192944725e-06 0)
(0.9999571792 2.420296232e-06 0)
(0.9999587577 7.911315535e-07 0)
(0.9985541916 -1.988407641e-11 0)
(0.9955742725 -2.074970364e-11 0)
(0.992323509 -2.121634553e-11 0)
(0.9886010177 -2.106522405e-11 0)
(0.9841735067 -2.215636469e-11 0)
(0.9787581568 -2.162080397e-11 0)
(0.972000599 -2.192004123e-11 0)
(0.9634454551 -2.243439013e-11 0)
(0.9524963622 -2.297648952e-11 0)
(0.9383639452 -2.583270918e-11 0)
(0.9200116329 -2.76938015e-11 0)
(0.8961539316 -3.217633544e-11 0)
(0.8654690482 -3.074346062e-11 0)
(0.827049252 -4.909699424e-11 0)
(0.7768809944 -3.016420528e-11 0)
(0.7332098916 0.07226577857 -1.346091981e-21)
(0.5428485695 0.05863619476 -5.430962199e-22)
(0.391368155 0.06766329415 -3.28996045e-22)
(0.07436382936 0.08916067915 -1.701938639e-22)
(0 0 0)
(0 0 0)
(0 0 0)
(0 0 0)
(0 0 0)
(0 0 0)
(0 0 0)
(0 0 0)
(0 0 0)
(0 0 0)
(0 0 0)
(0 0 0)
(0.0743543657 -0.08914933256 -9.730119571e-24)
(0.3913152091 -0.0676529594 -3.289515763e-22)
(0.5427704644 -0.05862565751 -3.718645422e-22)
(0.7330883891 -0.07224422756 1.09723775e-22)
(0.7766649459 -1.453951028e-11 0)
(0.8267968655 -8.377667456e-12 0)
(0.8651614845 -3.127258516e-11 0)
(0.8957714195 -2.269209228e-11 0)
(0.919531418 -9.992645884e-12 0)
(0.937758071 -1.093476167e-11 0)
(0.9517296489 -1.005511626e-11 0)
(0.9624732776 -1.029984779e-11 0)
(0.9707661826 -7.838614418e-12 0)
(0.9771891713 -8.067265033e-12 0)
(0.9821777301 -4.487904121e-12 0)
(0.9860607918 -2.511680117e-12 0)
(0.9890886319 -8.120708153e-13 0)
(0.9914528689 -2.417027573e-13 0)
(0.9933009545 -2.33028187e-13 0)
(0.9947468139 -5.372309644e-13 0)
(0.9958787533 -3.143149744e-13 0)
(0.9967653978 9.026099553e-14 0)
(0.997460188 4.868511388e-13 0)
(0.9980048085 1.221747485e-12 0)
(0.998431817 1.916422737e-12 0)
(0.9987666688 2.504334012e-12 0)
(0.9990292826 2.608642731e-12 0)
(0.9992352546 1.607875461e-12 0)
(0.9993968025 5.490804921e-13 0)
(0.9995235004 4.661038608e-13 0)
(0.9996228522 6.655318655e-13 0)
(0.9997007402 9.969582752e-13 0)
(0.9997617746 1.27137968e-12 0)
(0.9998095677 1.496471051e-12 0)
(0.999846948 1.641782738e-12 0)
(0.9998761282 1.700287737e-12 0)
(0.9998988356 1.68291278e-12 0)
(0.9999164146 1.59146683e-12 0)
(0.9999299063 1.443071767e-12 0)
(0.9999401096 1.246841874e-12 0)
(0.9999476292 1.011900072e-12 0)
(0.9999529105 7.423329341e-13 0)
(0.9999562665 4.576164863e-13 0)
(0.9999578962 1.54027752e-13 0)
(0.9986015366 0.002847116073 0)
(0.9957195235 0.003020678019 0)
(0.9925766101 0.003379392567 0)
(0.988979581 0.003947447268 0)
(0.98470457 0.004763777197 0)
(0.9794811219 0.005885659562 0)
(0.9729720456 0.007394241079 0)
(0.9647471094 0.009402619117 0)
(0.9542483734 0.01206665757 0)
(0.9407463793 0.01559538785 0)
(0.9232970505 0.02024205483 0)
(0.9007682847 0.0261907987 0)
(0.8723283254 0.03299316876 0)
(0.8406007079 0.03722439234 0)
(0.8300842306 0.02352102715 0)
(0.7942141129 0.1887030746 3.140881797e-22)
(0.6472211238 0.1818730507 -2.105242742e-21)
(0.4056608041 0.2019010631 -1.284501825e-21)
(0.1006093616 0.2635974739 3.552135144e-22)
(0 0 0)
(0 0 0)
(0 0 0)
(0 0 0)
(0 0 0)
(0 0 0)
(0 0 0)
(0 0 0)
(0 0 0)
(0 0 0)
(0 0 0)
(0 0 0)
(0.1005973688 -0.2635647583 -1.216556816e-22)
(0.4056088925 -0.2018702007 -1.284339452e-21)
(0.6471250724 -0.1818369221 0)
(0.794097534 -0.1886619852 2.282695412e-21)
(0.8298659299 -0.02350218429 0)
(0.840355484 -0.03717991086 0)
(0.8720301712 -0.03292943467 0)
(0.9003974291 -0.02610673548 0)
(0.9228315098 -0.02013353786 0)
(0.9401591254 -0.015456285 0)
(0.9535053567 -0.01188884202 0)
(0.9638051271 -0.009175600548 0)
(0.9717761342 -0.00710457547 0)
(0.9779612664 -0.005516153513 0)
(0.982771514 -0.004292451797 0)
(0.9865194721 -0.003346198917 0)
(0.9894441407 -0.00261226235 0)
(0.9917291274 -0.002041610544 0)
(0.9935160643 -0.001597046976 0)
(0.9949145772 -0.001250169726 0)
(0.9960097562 -0.0009791757956 0)
(0.9968677974 -0.0007672545536 0)
(0.9975402929 -0.000601398379 0)
(0.998067512 -0.0004715131566 0)
(0.9984809236 -0.0003697473206 0)
(0.9988051421 -0.0002899820027 0)
(0.9990594347 -0.0002274413543 0)
(0.9992588917 -0.0001783931772 0)
(0.9994153369 -0.0001399178766 0)
(0.9995380372 -0.0001097296604 0)
(0.9996342571 -8.603768384e-05 0)
(0.9997096915 -6.743799642e-05 0)
(0.9997688042 -5.282926346e-05 0)
(0.9998150932 -4.134688421e-05 0)
(0.9998512977 -3.2311491e-05 0)
(0.9998795601 -2.518859876e-05 0)
(0.9999015535 -1.955686183e-05 0)
(0.9999185798 -1.508309804e-05 0)
(0.9999316474 -1.150260139e-05 0)
(0.99994153 -8.603478726e-06 0)
(0.9999488132 -6.214100524e-06 0)
(0.9999539286 -4.192943247e-06 0)
(0.9999571792 -2.420295325e-06 0)
(0.9999587577 -7.911312445e-07 0)
(0.9987401076 0.005508130236 0)
(0.9961445561 0.00584270599 0)
(0.9933168878 0.006533916896 0)
(0.9900859498 0.007627718048 0)
(0.9862547171 0.009197856269 0)
(0.9815873384 0.01135229813 0)
(0.9757933808 0.01424293943 0)
(0.9685081853 0.01807956271 0)
(0.959267648 0.02314872652 0)
(0.9474724294 0.02983582883 0)
(0.9323179167 0.03863805911 0)
(0.9125678409 0.05011591485 0)
(0.88555298 0.06457832768 0)
(0.8423254077 0.08066937847 0)
(0.7438949219 0.08913195103 0)
(0.6279253861 0.2664360316 0)
(0.5439219896 0.2908184725 -3.230480601e-21)
(0.5162191726 0.382928271 2.66236425e-21)
(0.3238042868 0.5151797802 -8.348800463e-22)
(0 0 0)
(0 0 0)
(0 0 0)
(0 0 0)
(0 0 0)
(0 0 0)
(0 0 0)
(0 0 0)
(0 0 0)
(0 0 0)
(0 0 0)
(0 0 0)
(0.3237752533 -0.5151205364 3.162990725e-21)
(0.5161748231 -0.3828678524 2.662186141e-21)
(0.5438577314 -0.2907582985 -3.230133086e-21)
(0.6278176564 -0.2663623649 0)
(0.7437387762 -0.08907546123 0)
(0.8421116103 -0.08057788449 0)
(0.8852840839 -0.06445346901 0)
(0.912231524 -0.04995271378 0)
(0.9318955535 -0.03842776798 0)
(0.9469398866 -0.02956637546 0)
(0.9585942275 -0.02280432432 0)
(0.9676548687 -0.01763989031 0)
(0.9747105218 -0.01368197259 0)
(0.9802117132 -0.01063676623 0)
(0.9845057637 -0.008285241534 0)
(0.9878609673 -0.006463674063 0)
(0.9904849005 -0.005048937525 0)
(0.9925384581 -0.003947818221 0)
(0.9941465945 -0.003089307701 0)
(0.995406532 -0.002419017853 0)
(0.9963940407 -0.001895098011 0)
(0.9971682555 -0.00148522068 0)
(0.9977753834 -0.001164335158 0)
(0.9982515635 -0.0009129791096 0)
(0.9986250835 -0.0007159998665 0)
(0.9989180982 -0.0005615798663 0)
(0.9991479678 -0.0004404898255 0)
(0.9993283 -0.0003455137558 0)
(0.9994697643 -0.0002710046441 0)
(0.9995807274 -0.0002125399708 0)
(0.9996677508 -0.000166653974 0)
(0.9997359802 -0.0001306290929 0)
(0.9997894498 -0.000102333148 0)
(0.9998313217 -8.009209935e-05 0)
(0.9998640725 -6.259043599e-05 0)
(0.9998896397 -4.87930779e-05 0)
(0.999909536 -3.788400484e-05 0)
(0.9999249392 -2.921792719e-05 0)
(0.9999367612 -2.228212823e-05 0)
(0.9999457019 -1.666616798e-05 0)
(0.999952291 -1.203761912e-05 0)
(0.9999569189 -8.122355651e-06 0)
(0.9999598597 -4.688495487e-06 0)
(0.9999612878 -1.53256108e-06 0)
(0.9989598728 0.007810449852 0)
(0.9968183663 0.008282181414 0)
(0.9944894901 0.009256142537 0)
(0.991836077 0.01079572783 0)
(0.9887018379 0.01300228372 0)
(0.9849021917 0.01602336261 0)
(0.9802134559 0.02006505113 0)
(0.9743595909 0.0254096506 0)
(0.9669948083 0.03244056383 0)
(0.9576773993 0.04167773177 0)
(0.945821221 0.05383385777 0)
(0.9305882064 0.06993818974 0)
(0.9106410782 0.09176500394 0)
(0.8836459981 0.1237755773 0)
(0.8455124493 0.1827263508 0)
(0.7879652787 0.346531855 0)
(0.7702896928 0.3095321457 0)
(0.6135927265 0.4561407003 -2.831050384e-21)
(0.593721907 0.6645850073 2.919531747e-21)
(0.5933931137 0.9343997817 -3.335353847e-21)
(0 0 0)
(0 0 0)
(0 0 0)
(0 0 0)
(0 0 0)
(0 0 0)
(0 0 0)
(0 0 0)
(0 0 0)
(0 0 0)
(0.5933545681 -0.9343290502 4.164035576e-21)
(0.5936853573 -0.6645145915 -4.687500496e-21)
(0.613543477 -0.4560740952 -2.830893498e-21)
(0.7702129033 -0.3094542766 0)
(0.7878580729 -0.3464256137 0)
(0.8453708553 -0.1826195486 0)
(0.8834660555 -0.1236382994 0)
(0.9104158738 -0.09158546834 0)
(0.9303065369 -0.06970565572 0)
(0.9454677366 -0.05353488048 0)
(0.9572321985 -0.04129486674 0)
(0.9664324742 -0.03195130423 0)
(0.9736477684 -0.02478512176 0)
(0.9793109706 -0.01926831533 0)
(0.983756633 -0.0150072241 0)
(0.9872464751 -0.01170646014 0)
(0.9899859322 -0.009143210858 0)
(0.9921363364 -0.00714851239 0)
(0.9938243579 -0.005593564038 0)
(0.9951494294 -0.00437970305 0)
(0.9961895945 -0.003431025214 0)
(0.9970061082 -0.002688917006 0)
(0.9976470505 -0.002107974011 0)
(0.9981501624 -0.0016529318 0)
(0.998545071 -0.001296342321 0)
(0.9988550346 -0.001016803779 0)
(0.9990983126 -0.0007976049366 0)
(0.9992892396 -0.0006256820237 0)
(0.9994390687 -0.0004908130948 0)
(0.9995566339 -0.0003849938283 0)
(0.9996488693 -0.0003019524335 0)
(0.9997212169 -0.0002367719237 0)
(0.999777947 -0.0001855955808 0)
(0.9998224094 -0.0001453966792 0)
(0.9998572306 -0.0001137983699 0)
(0.9998844682 -8.893257271e-05 0)
(0.9999057325 -6.932920991e-05 0)
(0.999922281 -5.382919331e-05 0)
(0.9999350928 -4.151591136e-05 0)
(0.9999449261 -3.166100448e-05 0)
(0.999952363 -2.368128557e-05 0)
(0.9999578438 -1.710456552e-05 0)
(0.9999616935 -1.154136946e-05 0)
(0.9999641399 -6.662113223e-06 0)
(0.9999653279 -2.177705131e-06 0)
(0.9992452258 0.009607146133 0)
(0.9976928212 0.01018309017 0)
(0.9960096541 0.01137128917 0)
(0.9941011684 0.01324704184 0)
(0.9918614924 0.01593025869 0)
(0.9891683969 0.01959462206 0)
(0.9858775852 0.02448131882 0)
(0.9818155754 0.03091917358 0)
(0.9767690019 0.0393548083 0)
(0.9704640806 0.05040143996 0)
(0.9625199989 0.06493020985 0)
(0.9523446926 0.0842755669 0)
(0.9389852834 0.1107674707 0)
(0.9216341776 0.1491636426 0)
(0.9070800594 0.2100786401 0)
(0.9695881353 0.3142136996 0)
(0.9425717801 0.353854986 7.075013172e-21)
(0.7202878421 0.5688500425 -2.825203627e-21)
(0.8751584504 0.699990119 0)
(0.9759971809 0.9545214392 0)
(0 0 0)
(0 0 0)
(0 0 0)
(0 0 0)
(0 0 0)
(0 0 0)
(0 0 0)
(0 0 0)
(0 0 0)
(0 0 0)
(0.9759618152 -0.9544635055 0)
(0.8751288525 -0.6999237058 0)
(0.7202741125 -0.5687538083 7.575473958e-21)
(0.9425269794 -0.3537679129 2.517747163e-21)
(0.9694789556 -0.3141005356 0)
(0.9069701564 -0.209943614 0)
(0.9214992015 -0.1489911036 0)
(0.9388168678 -0.1105444162 0)
(0.9521343747 -0.08398808614 0)
(0.9622566744 -0.06456123286 0)
(0.9701332867 -0.04992922963 0)
(0.9763521834 -0.03875153291 0)
(0.9812890719 -0.03014922795 0)
(0.9852112853 -0.02349921024 0)
(0.9883240026 -0.01834226726 0)
(0.990790307 -0.01433351959 0)
(0.9927412911 -0.01121128299 0)
(0.9942824307 -0.008775675622 0)
(0.9954983627 -0.006873258307 0)
(0.9964567633 -0.005385764298 0)
(0.9972115658 -0.004221726529 0)
(0.9978056286 -0.003310202781 0)
(0.9982729289 -0.002596039108 0)
(0.9986403516 -0.002036271887 0)
(0.9989291369 -0.00159737974 0)
(0.9991560443 -0.001253174277 0)
(0.9993342847 -0.0009831743971 0)
(0.9994742632 -0.00077134892 0)
(0.9995841693 -0.0006051411538 0)
(0.9996704449 -0.000474710437 0)
(0.9997381548 -0.0003723410649 0)
(0.9997912793 -0.0002919808603 0)
(0.9998329448 -0.0002288806426 0)
(0.9998656058 -0.0001793121025 0)
(0.9998911879 -0.0001403466337 0)
(0.9999112007 -0.0001096820006 0)
(0.9999268259 -8.55061881e-05 0)
(0.9999389867 -6.639025031e-05 0)
(0.999948402 -5.120416282e-05 0)
(0.9999556287 -3.904977655e-05 0)
(0.9999610944 -2.920801211e-05 0)
(0.9999651227 -2.109647401e-05 0)
(0.9999679519 -1.423497076e-05 0)
(0.9999697498 -8.217050063e-06 0)
(0.9999706229 -2.685969937e-06 0)
(0.99957641 0.01078668864 0)
(0.9987071139 0.0114276701 0)
(0.9977707638 0.01274884601 0)
(0.9967203787 0.01483131475 0)
(0.9955058368 0.01780365785 0)
(0.9940732516 0.02185102919 0)
(0.9923651964 0.0272287775 0)
(0.9903225049 0.03428252095 0)
(0.9878895722 0.04347844662 0)
(0.9850297129 0.05545174704 0)
(0.9817750184 0.07108987771 0)
(0.9783985711 0.09168120441 0)
(0.9759834291 0.1191521589 0)
(0.9779415986 0.1561872837 0)
(0.9911038024 0.2044483054 0)
(0.9979153379 0.2504551033 0)
(0.9536707385 0.4978689144 0)
(0.935824631 0.4158383805 4.410822324e-21)
(1.087092906 0.5396943537 -3.259269704e-21)
(1.174403745 0.7784503417 -4.526251721e-21)
(1.324824728 1.008631227 0)
(0 0 0)
(0 0 0)
(0 0 0)
(0 0 0)
(0 0 0)
(0 0 0)
(0 0 0)
(0 0 0)
(1.324794911 -1.008590219 0)
(1.174382804 -0.7783965784 -4.526537911e-21)
(1.087079737 -0.5396271002 -1.082449306e-20)
(0.9358015216 -0.4157547672 1.041796705e-20)
(0.9536230239 -0.4977658223 0)
(0.9978545918 -0.2503450242 0)
(0.9910316863 -0.2042980889 0)
(0.9778566686 -0.1559920101 0)
(0.9758801691 -0.1189000177 0)
(0.9782713657 -0.0913568968 0)
(0.9816172649 -0.07067408935 0)
(0.9848330865 -0.05491989947 0)
(0.9876434563 -0.04279915884 0)
(0.9900133767 -0.0334157177 0)
(0.9919758666 -0.02612330856 0)
(0.993581902 -0.02044164031 0)
(0.9948848057 -0.01600712386 0)
(0.9959346398 -0.01254149763 0)
(0.9967760306 -0.009830373917 0)
(0.9974474966 -0.007707845455 0)
(0.9979815429 -0.006045116463 0)
(0.9984051496 -0.004741962043 0)
(0.9987404343 -0.003720244088 0)
(0.999005357 -0.002918953082 0)
(0.9992143963 -0.002290396372 0)
(0.9993791582 -0.001797255905 0)
(0.9995089052 -0.001410309236 0)
(0.9996110044 -0.001106659442 0)
(0.999691299 -0.0008683572302 0)
(0.9997544135 -0.0006813264445 0)
(0.9998040018 -0.000534524839 0)
(0.9998429463 -0.000419287808 0)
(0.9998735187 -0.0003288147482 0)
(0.9998975072 -0.0002577663793 0)
(0.999916318 -0.000201949539 0)
(0.9999310558 -0.0001580694664 0)
(0.9999425877 -0.0001235353745 0)
(0.9999515929 -9.630785348e-05 0)
(0.9999586025 -7.477816793e-05 0)
(0.9999640301 -5.767400531e-05 0)
(0.9999681963 -4.398422607e-05 0)
(0.9999713475 -3.289906989e-05 0)
(0.99997367 -2.376259263e-05 0)
(0.9999753015 -1.603393877e-05 0)
(0.9999763381 -9.2554135e-06 0)
(0.9999768414 -3.025364878e-06 0)
(0.9999311737 0.01127959736 0)
(0.9997928833 0.01194335545 0)
(0.9996533847 0.01331008526 0)
(0.9995144215 0.01546061317 0)
(0.9993823119 0.0185223576 0)
(0.9992714866 0.0226772832 0)
(0.999210328 0.02817350662 0)
(0.999251197 0.03534161621 0)
(0.999488486 0.04461719067 0)
(1.000092822 0.05657078204 0)
(1.001377731 0.07194259807 0)
(1.003923985 0.09165950744 0)
(1.008767889 0.1167426647 0)
(1.017552023 0.1478437319 0)
(1.032997545 0.1841555242 0)
(1.071510857 0.2253777124 0)
(1.321057013 0.3174394465 0)
(1.023900762 0.338984078 1.117958221e-20)
(1.19258872 0.5185642814 0)
(1.246112511 0.6418385895 -4.622740613e-21)
(1.494083044 0.7440332672 4.617018793e-21)
(1.878057483 0.8974184452 6.137436106e-21)
(2.123936623 0.9273394538 0)
(0 0 0)
(0 0 0)
(0 0 0)
(0 0 0)
(2.123916464 -0.9273276686 0)
(1.878036766 -0.8973989967 -7.962437789e-21)
(1.494065546 -0.7439979904 4.617247379e-21)
(1.24610555 -0.6417920873 4.622620354e-21)
(1.19258851 -0.5185102487 0)
(1.023942606 -0.3389068431 -3.126243784e-21)
(1.321009755 -0.3173513195 0)
(1.071485761 -0.2252618084 0)
(1.032971937 -0.1839992384 0)
(1.017523706 -0.1476389888 0)
(1.008735763 -0.1164778326 0)
(1.003886916 -0.09131897322 0)
(1.001334424 -0.07150621344 0)
(1.000041678 -0.05601277423 0)
(0.9994274763 -0.0439046484 0)
(0.9991777487 -0.03443254115 0)
(0.999121204 -0.02701433622 0)
(0.9991626467 -0.02119973825 0)
(0.9992487561 -0.01663942805 0)
(0.9993500221 -0.01306144451 0)
(0.9994507244 -0.0102534623 0)
(0.9995431357 -0.008049398227 0)
(0.9996240864 -0.006319175671 0)
(0.9996929169 -0.004960832554 0)
(0.9997502651 -0.003894399039 0)
(0.9997973615 -0.003057129314 0)
(0.9998356326 -0.002399777766 0)
(0.9998664875 -0.001883686962 0)
(0.9998912149 -0.001478507091 0)
(0.9999109406 -0.001160408311 0)
(0.9999266202 -0.000910678506 0)
(0.9999390486 -0.00071462367 0)
(0.999948878 -0.0005607046311 0)
(0.9999566378 -0.0004398590385 0)
(0.9999627543 -0.0003449692069 0)
(0.9999675691 -0.00027044404 0)
(0.9999713544 -0.0002118905193 0)
(0.9999743261 -0.0001658556997 0)
(0.9999766551 -0.0001296238292 0)
(0.9999784761 -0.0001010564 0)
(0.9999798949 -7.846645373e-05 0)
(0.9999809943 -6.051934433e-05 0)
(0.9999818388 -4.615457033e-05 0)
(0.9999824779 -3.452273955e-05 0)
(0.9999829491 -2.493549601e-05 0)
(0.99998328 -1.682537353e-05 0)
(0.9999834903 -9.712174183e-06 0)
(0.9999835925 -3.174646982e-06 0)
(1.000286493 0.01106171294 0)
(1.000879536 0.01170603247 0)
(1.001534649 0.01303127857 0)
(1.00229982 0.01511258526 0)
(1.003233994 0.01806751895 0)
(1.004413786 0.02206208641 0)
(1.005943238 0.02731894182 0)
(1.007968827 0.03412765634 0)
(1.010703703 0.04285601365 0)
(1.014468486 0.05395847099 0)
(1.019762019 0.06796988859 0)
(1.027386168 0.08545164376 0)
(1.038670015 0.1068066497 0)
(1.05588354 0.1317560898 0)
(1.082812517 0.1578262937 0)
(1.121639463 0.1742893449 0)
(1.115504407 0.1248733023 0)
(0.7651941528 0.05812934155 0)
(1.246331276 0.409669481 -4.112435708e-21)
(1.612350425 0.2618357685 -1.053050638e-20)
(1.652937332 0.5686993804 -6.037197407e-21)
(1.893297893 0.4886362514 -6.467188022e-21)
(2.073477298 0.5214262593 1.032362663e-20)
(2.310885521 0.3763510603 -3.966331546e-21)
(2.424209853 0.06481917086 -2.05136343e-21)
(2.424208747 -0.06481409656 2.05136216e-21)
(2.310879783 -0.3763436876 3.966320222e-21)
(2.073468446 -0.5214119017 -4.130797039e-21)
(1.893289702 -0.4886154051 6.467131229e-21)
(1.652924456 -0.5686700842 0)
(1.612340266 -0.2617975953 -1.095253748e-20)
(1.246321008 -0.4096389605 4.112342099e-21)
(0.7652581458 -0.05808382001 0)
(1.115525409 -0.124799697 0)
(1.121655111 -0.1741757442 0)
(1.08283343 -0.1576724626 0)
(1.05591276 -0.1315544949 0)
(1.038710231 -0.1065458645 0)
(1.027440646 -0.08511639008 0)
(1.019834894 -0.06754039397 0)
(1.01456501 -0.05340940177 0)
(1.010830555 -0.04215501526 0)
(1.008134514 -0.03323346021 0)
(1.006158623 -0.02617894918 0)
(1.004692775 -0.0206092952 0)
(1.003594425 -0.01621661873 0)
(1.002764631 -0.01275499725 0)
(1.002133411 -0.01002886078 0)
(1.001650486 -0.007883095802 0)
(1.001279252 -0.006194904876 0)
(1.00099275 -0.004867213915 0)
(1.000770922 -0.003823373156 0)
(1.000598713 -0.003002917677 0)
(1.000464737 -0.002358188431 0)
(1.000360324 -0.001851645262 0)
(1.000278839 -0.001453734522 0)
(1.000215178 -0.001141200789 0)
(1.000165397 -0.0008957513907 0)
(1.000126446 -0.0007030016731 0)
(1.000095954 -0.0005516428471 0)
(1.000072075 -0.0004327858249 0)
(1.000053373 -0.0003394439514 0)
(1.000038725 -0.0002661261184 0)
(1.000027255 -0.0002085160534 0)
(1.000018279 -0.0001632197418 0)
(1.000011261 -0.0001275669469 0)
(1.000005786 -9.945469375e-05 0)
(1.000001525 -7.722405095e-05 0)
(0.9999982284 -5.956199326e-05 0)
(0.9999956986 -4.542488639e-05 0)
(0.9999937855 -3.397713978e-05 0)
(0.9999923756 -2.45414657e-05 0)
(0.9999913855 -1.655954888e-05 0)
(0.9999907564 -9.558817994e-06 0)
(0.999990451 -3.124542051e-06 0)
(1.000620209 0.01015410441 0)
(1.001899302 0.0107396322 0)
(1.00329721 0.0119426058 0)
(1.004902712 0.01382821356 0)
(1.006820003 0.01649757371 0)
(1.009177147 0.02009155978 0)
(1.012137265 0.02479540858 0)
(1.015913916 0.03084314663 0)
(1.020792462 0.03851948912 0)
(1.027158842 0.04815370096 0)
(1.035533322 0.06009297704 0)
(1.046590141 0.07462890647 0)
(1.0610835 0.09182640452 0)
(1.079390344 0.1111804458 0)
(1.099693027 0.1311230463 0)
(1.112173607 0.1496337584 0)
(1.09002757 0.1778382626 0)
(1.0821169 0.3637435267 0)
(1.332815551 0.6248783293 0)
(1.540007946 0.4288929029 0)
(1.510933613 0.6519376314 0)
(1.844690559 0.2489457113 5.951762786e-21)
(2.060425953 0.3898378539 0)
(2.045385661 0.340390907 0)
(2.278546486 0.02893834833 1.025576434e-22)
(2.278545867 -0.02893111957 1.025698388e-22)
(2.04538375 -0.3403808581 0)
(2.06042331 -0.3898240219 0)
(1.844688864 -0.2489214817 -5.951720398e-21)
(1.510932001 -0.6519034378 0)
(1.540003171 -0.4288408673 0)
(1.332840089 -0.6247852324 0)
(1.082168526 -0.3636638612 0)
(1.090079733 -0.1777563044 0)
(1.112228384 -0.1495257677 0)
(1.099759219 -0.1309803031 0)
(1.079474785 -0.1109943454 0)
(1.061192784 -0.09158599868 0)
(1.046731862 -0.07432001786 0)
(1.035716845 -0.05969737636 0)
(1.027395964 -0.04764806416 0)
(1.021098144 -0.03787404543 0)
(1.016307185 -0.03001994343 0)
(1.012642352 -0.02374610167 0)
(1.009824949 -0.01875460803 0)
(1.007649949 -0.01479468288 0)
(1.005965157 -0.01165983257 0)
(1.004656525 -0.009182233126 0)
(1.003637858 -0.007226630075 0)
(1.002843537 -0.005684650229 0)
(1.002223307 -0.004469829135 0)
(1.001738489 -0.003513405509 0)
(1.001359198 -0.002760834335 0)
(1.001062269 -0.002168934688 0)
(1.000829696 -0.00170357656 0)
(1.000647459 -0.001337817668 0)
(1.000504621 -0.001050411812 0)
(1.000392641 -0.0008246185568 0)
(1.00030484 -0.0006472559334 0)
(1.000235993 -0.0005079495686 0)
(1.000182009 -0.0003985378779 0)
(1.000139682 -0.0003126019214 0)
(1.000106504 -0.0002450938556 0)
(1.000080507 -0.0001920442121 0)
(1.000060152 -0.0001503308285 0)
(1.000044232 -0.0001174962552 0)
(1.000031806 -9.16050573e-05 0)
(1.000022136 -7.113008192e-05 0)
(1.00001465 -5.486244313e-05 0)
(1.000008905 -4.184115586e-05 0)
(1.00000456 -3.129668731e-05 0)
(1.000001358 -2.260550861e-05 0)
(0.9999991097 -1.52533837e-05 0)
(0.9999976808 -8.804966472e-06 0)
(0.999996987 -2.878173303e-06 0)
(1.000912412 0.008619950601 0)
(1.002791505 0.009112442121 0)
(1.004836745 0.01012320474 0)
(1.007170293 0.01170462529 0)
(1.009932239 0.01393724594 0)
(1.013289504 0.0169317642 0)
(1.017446529 0.02083094401 0)
(1.022658084 0.02581041663 0)
(1.029243751 0.03207654316 0)
(1.037600916 0.03985837804 0)
(1.048205714 0.0493900421 0)
(1.061573018 0.06088329383 0)
(1.078107897 0.07451275114 0)
(1.097726776 0.09053045067 0)
(1.119197115 0.1099582467 0)
(1.140191229 0.137290389 0)
(1.164284115 0.1882328358 0)
(1.230749975 0.2947352085 0)
(1.346364302 0.327207357 0)
(1.48024803 0.385146676 0)
(1.664711591 0.3619367858 0)
(1.79451988 0.3147987462 0)
(1.920419783 0.2900842149 3.278148317e-21)
(1.886203366 0.4626368472 3.290024659e-21)
(2.184517457 -0.02906315874 0)
(2.184517452 0.02907135519 0)
(1.88620325 -0.4626270736 -3.290020844e-21)
(1.920423619 -0.2900749929 -3.278151096e-21)
(1.794529708 -0.3147783338 0)
(1.664723834 -0.3619045719 0)
(1.480269002 -0.3851038458 0)
(1.346400085 -0.327149223 0)
(1.230804047 -0.2946660017 0)
(1.164353193 -0.1881559764 0)
(1.140275209 -0.1371948333 0)
(1.119301727 -0.1098351484 0)
(1.097859717 -0.09037132987 0)
(1.078278332 -0.0743077639 0)
(1.061792112 -0.06062016367 0)
(1.048487394 -0.04905317579 0)
(1.037962756 -0.03942790058 0)
(1.02970804 -0.03152712032 0)
(1.02325315 -0.02510977448 0)
(1.018208418 -0.01993799561 0)
(1.014264107 -0.01579423851 0)
(1.011178006 -0.0124886899 0)
(1.008761692 -0.009860619002 0)
(1.006868672 -0.007776593072 0)
(1.005384916 -0.006127344582 0)
(1.004221523 -0.00482426379 0)
(1.003309078 -0.003796007054 0)
(1.00259331 -0.0029854419 0)
(1.002031749 -0.002347005503 0)
(1.001591131 -0.001844478186 0)
(1.001245389 -0.001449139607 0)
(1.000974086 -0.001138261109 0)
(1.000761195 -0.0008938837417 0)
(1.000594142 -0.0007018351739 0)
(1.000463065 -0.0005509423576 0)
(1.000360224 -0.0004324032403 0)
(1.000279547 -0.0003392877745 0)
(1.000216269 -0.000266142483 0)
(1.000166654 -0.0002086767614 0)
(1.000127769 -0.0001635150949 0)
(1.000097317 -0.0001280018382 0)
(1.000073498 -0.0001000465311 0)
(1.000054902 -7.800193875e-05 0)
(1.000040431 -6.056818022e-05 0)
(1.000029228 -4.671649734e-05 0)
(1.000020629 -3.56288698e-05 0)
(1.000014126 -2.665016158e-05 0)
(1.000009333 -1.924949286e-05 0)
(1.000005967 -1.298897034e-05 0)
(1.000003828 -7.49787488e-06 0)
(1.000002789 -2.450901289e-06 0)
(1.001146468 0.00655901079 0)
(1.003505643 0.006930876985 0)
(1.006067173 0.007693392752 0)
(1.008978258 0.008884559283 0)
(1.012405085 0.01056235063 0)
(1.016541446 0.01280553905 0)
(1.021618188 0.01571416875 0)
(1.027913223 0.01940909609 0)
(1.035760922 0.02403006476 0)
(1.045557739 0.02973272018 0)
(1.057757185 0.03668865135 0)
(1.072842469 0.04510364329 0)
(1.091267165 0.05529786754 0)
(1.113398743 0.067953127 0)
(1.139697226 0.08471897902 0)
(1.171911026 0.1092685357 0)
(1.216604893 0.1473991489 0)
(1.287690845 0.1978795308 0)
(1.378629305 0.2173036953 0)
(1.486007048 0.2535476055 0)
(1.580492179 0.2143082158 0)
(1.650979498 0.2619314123 0)
(1.833833869 0.3418350639 0)
(2.025770013 0.2857790947 0)
(2.058383851 -0.05587386892 0)
(2.058384755 0.05588282406 0)
(2.025772586 -0.2857674093 0)
(1.833842822 -0.34181604 0)
(1.650996405 -0.2619122056 0)
(1.580515394 -0.2142835289 0)
(1.486040015 -0.2535157468 0)
(1.378675842 -0.2172629987 0)
(1.287754731 -0.1978285608 0)
(1.216688502 -0.1473388168 0)
(1.172017212 -0.1091939696 0)
(1.13983192 -0.08462407989 0)
(1.113570479 -0.06783124342 0)
(1.091486946 -0.05514126721 0)
(1.073124184 -0.0449028299 0)
(1.058118374 -0.03643167009 0)
(1.046020618 -0.029404391 0)
(1.036353694 -0.02361106752 0)
(1.02867173 -0.01887483697 0)
(1.022588012 -0.01503335425 0)
(1.017780573 -0.01193837777 0)
(1.013987288 -0.009458284933 0)
(1.010997392 -0.007479409163 0)
(1.008642626 -0.005905768504 0)
(1.00678924 -0.004657690392 0)
(1.005331223 -0.003669886325 0)
(1.004184712 -0.002889369456 0)
(1.003283467 -0.002273449846 0)
(1.002575226 -0.001787925159 0)
(1.002018793 -0.001405510398 0)
(1.001581721 -0.001104510681 0)
(1.001238469 -0.0008677210718 0)
(1.000968944 -0.0006815246631 0)
(1.000757343 -0.0005351616257 0)
(1.000591242 -0.0004201409529 0)
(1.00046088 -0.0003297681741 0)
(1.000358586 -0.0002587692607 0)
(1.000278338 -0.0002029916358 0)
(1.000215406 -0.0001591671695 0)
(1.000166078 -0.0001247238957 0)
(1.000127443 -9.763762753e-05 0)
(1.000097221 -7.631515344e-05 0)
(1.000073626 -5.95005295e-05 0)
(1.000055263 -4.620239436e-05 0)
(1.000041046 -3.563641569e-05 0)
(1.000030134 -2.717867355e-05 0)
(1.000021881 -2.032956918e-05 0)
(1.000015798 -1.46842561e-05 0)
(1.000011527 -9.908542587e-06 0)
(1.000008812 -5.719619175e-06 0)
(1.000007493 -1.86957492e-06 0)
(1.001309636 0.004100450648 0)
(1.004003202 0.004331643831 0)
(1.006923415 0.004805401312 0)
(1.010234005 0.005544653476 0)
(1.014117936 0.006584187835 0)
(1.018785574 0.007970898497 0)
(1.024483097 0.009763769775 0)
(1.031500816 0.01203342937 0)
(1.040180777 0.01486154404 0)
(1.050922862 0.01834179922 0)
(1.064189468 0.02258805399 0)
(1.080513405 0.02776361027 0)
(1.100528692 0.03415947806 0)
(1.125082184 0.04235976161 0)
(1.155551972 0.05348730492 0)
(1.194511097 0.06925611202 0)
(1.24636322 0.09076903593 0)
(1.315459805 0.1141869244 0)
(1.397986625 0.1273575564 0)
(1.491054389 0.1428477919 0)
(1.584176344 0.1372133361 0)
(1.686746709 0.1657955505 0)
(1.799105756 0.1424622941 0)
(1.922696682 0.169309268 0)
(1.972573793 -0.02197748228 0)
(1.972575547 0.021983776 0)
(1.92270279 -0.1693009497 0)
(1.799117813 -0.1424522445 0)
(1.686766184 -0.1657827562 0)
(1.584204856 -0.1371975978 0)
(1.491094209 -0.1428280652 0)
(1.398040836 -0.1273327161 0)
(1.315532212 -0.11415568 0)
(1.246457865 -0.09073098081 0)
(1.194632748 -0.06920890127 0)
(1.155707481 -0.05342747956 0)
(1.125280966 -0.04228319947 0)
(1.100783057 -0.03406128761 0)
(1.080839113 -0.02763779698 0)
(1.064606563 -0.02242710371 0)
(1.051456803 -0.01813619462 0)
(1.04086391 -0.01459918657 0)
(1.032374254 -0.01169892696 0)
(1.025599112 -0.009337545189 0)
(1.020210628 -0.007428067599 0)
(1.015936532 -0.005893146935 0)
(1.012553558 -0.004665304364 0)
(1.009880406 -0.003686926935 0)
(1.007770955 -0.002909732853 0)
(1.006108105 -0.002293855342 0)
(1.00479842 -0.001806749123 0)
(1.003767603 -0.001422076081 0)
(1.002956728 -0.001118662969 0)
(1.002319157 -0.0008795748316 0)
(1.001818041 -0.0006913195385 0)
(1.001424298 -0.0005431808907 0)
(1.001115005 -0.0004266677002 0)
(1.000872106 -0.0003350642169 0)
(1.000681392 -0.0002630665866 0)
(1.000531683 -0.0002064909988 0)
(1.00041419 -0.0001620400749 0)
(1.000322006 -0.0001271164912 0)
(1.000249707 -9.967538007e-05 0)
(1.000193032 -7.810747015e-05 0)
(1.000148642 -6.114591001e-05 0)
(1.000113915 -4.779318993e-05 0)
(1.000086802 -3.726325356e-05 0)
(1.0000657 -2.893528518e-05 0)
(1.000049362 -2.23182427e-05 0)
(1.000036822 -1.70214955e-05 0)
(1.000027338 -1.273207248e-05 0)
(1.000020349 -9.196485525e-06 0)
(1.000015439 -6.205461848e-06 0)
(1.000012319 -3.582053518e-06 0)
(1.000010804 -1.170904404e-06 0)
(1.001393359 0.001394752718 0)
(1.004258412 0.001473164771 0)
(1.007362264 0.001633791131 0)
(1.010876826 0.001884285832 0)
(1.014993223 0.002236227472 0)
(1.019929677 0.002705162769 0)
(1.025939391 0.003310560967 0)
(1.033318244 0.004075670446 0)
(1.042412316 0.005027495868 0)
(1.05362636 0.006197761908 0)
(1.067437539 0.00762722833 0)
(1.084426252 0.00937847351 0)
(1.105349222 0.01156541954 0)
(1.131293874 0.01440517745 0)
(1.163934638 0.01826822718 0)
(1.205765473 0.02360443894 0)
(1.259772053 0.03045614739 0)
(1.327599365 0.03743899213 0)
(1.406987544 0.04202857495 0)
(1.495421369 0.04649368324 0)
(1.588751064 0.04692934219 0)
(1.688818972 0.05323863377 0)
(1.786614396 0.04465458535 0)
(1.880548984 0.04937393721 0)
(1.929202729 -0.0006715385966 0)
(1.929204996 0.0006738075647 0)
(1.880556373 -0.04937107916 0)
(1.786627985 -0.04465123725 0)
(1.688840263 -0.05323427245 0)
(1.588782088 -0.04692396017 0)
(1.495464453 -0.04648699248 0)
(1.407045695 -0.04202018477 0)
(1.327676432 -0.03742844724 0)
(1.259872616 -0.0304431724 0)
(1.205895124 -0.02358829723 0)
(1.164100824 -0.01824779736 0)
(1.131506549 -0.01437907145 0)
(1.105621394 -0.01153196847 0)
(1.084774643 -0.009335629825 0)
(1.067883475 -0.007572429168 0)
(1.054196967 -0.006127765116 0)
(1.043142074 -0.0049381825 0)
(1.034250981 -0.003961801815 0)
(1.027130824 -0.003165475467 0)
(1.021450634 -0.002520394758 0)
(1.016933729 -0.002001027602 0)
(1.013351264 -0.001585019158 0)
(1.010515897 -0.001253183946 0)
(1.008275587 -0.0009893658675 0)
(1.006507817 -0.0007801715963 0)
(1.005114406 -0.000614633583 0)
(1.004017014 -0.0004838551446 0)
(1.003153351 -0.0003806713408 0)
(1.002474016 -0.0002993434778 0)
(1.001939912 -0.0002352947757 0)
(1.00152015 -0.0001848871012 0)
(1.001190356 -0.0001452360295 0)
(1.00093132 -0.0001140592788 0)
(1.000727911 -8.955352878e-05 0)
(1.000568221 -7.029579158e-05 0)
(1.000442886 -5.51644863e-05 0)
(1.000344544 -4.327595293e-05 0)
(1.000267411 -3.393420701e-05 0)
(1.000206946 -2.659172847e-05 0)
(1.000159584 -2.081738799e-05 0)
(1.000122532 -1.627148799e-05 0)
(1.000093603 -1.268655064e-05 0)
(1.000071088 -9.851251496e-06 0)
(1.000053655 -7.598469022e-06 0)
(1.000040275 -5.795213636e-06 0)
(1.000030155 -4.33482359e-06 0)
(1.000022697 -3.131021554e-06 0)
(1.000017458 -2.112636322e-06 0)
(1.000014129 -1.219535189e-06 0)
(1.000012513 -3.986845265e-07 0)
(2.661058948 0.09821107359 -2.261634853e-21)
(2.529608598 0.08129416577 -1.531468003e-23)
(2.424208747 0.06481409657 2.05136216e-21)
(2.341235767 0.04746312492 -3.768450134e-23)
(2.278545867 0.0289311196 -1.025698388e-22)
(2.234442195 0.0104579932 -1.952960351e-21)
(2.20579502 -0.006317522696 0)
(2.184517452 -0.02907135516 0)
(2.151529657 -0.1133204877 -1.809267617e-21)
(2.058384755 -0.05588282404 0)
(2.617070683 0.2933043631 2.25489933e-21)
(2.487313316 0.2479158213 7.818938486e-23)
(2.379053925 0.2039698107 5.79605973e-21)
(2.287465217 0.155354894 -3.882279508e-22)
(2.208873982 0.0937991201 3.156721782e-21)
(2.141051465 0.008653888333 -2.632044295e-21)
(2.0838813 -0.1092650376 0)
(2.039858792 -0.2509170095 1.656585027e-21)
(2.012082897 -0.3360213754 3.532740665e-21)
(2.025772586 0.2857674093 0)
(2.539313293 0.4836821419 4.30580829e-21)
(2.416052211 0.423597977 1.74317002e-28)
(2.310879783 0.3763436875 3.966319991e-21)
(2.217763932 0.3434085648 -3.247667579e-22)
(2.130918147 0.3289908326 3.652657661e-21)
(2.04538375 0.3403808581 0)
(1.959974466 0.3857322028 -2.745530531e-23)
(1.88620325 0.4626270736 -3.290020603e-21)
(1.871508914 0.5195033071 -9.977540927e-22)
(2.025772586 0.2857674093 0)
(2.432950678 0.6558072536 8.427344857e-21)
(2.324454529 0.5739293846 -7.558591141e-21)
(2.235654708 0.5076585337 8.012828434e-22)
(2.163302805 0.4557878918 -6.441531341e-21)
(2.105392386 0.4173095737 1.1509274e-21)
(2.06042331 0.3898240219 0)
(2.025382646 0.3670275762 6.910674583e-21)
(1.989899504 0.3370869507 -4.87288351e-21)
(1.920423619 0.290074993 -3.278150988e-21)
(1.833842822 0.34181604 0)
(2.29351275 0.8036929867 8.231855941e-21)
(2.202646104 0.6963028619 -7.826619495e-21)
(2.12993925 0.6036990257 -1.157542421e-21)
(2.073468446 0.5214119016 -1.032372411e-20)
(2.032037772 0.4461981677 -1.929227337e-21)
(2.003851613 0.3766912383 6.760918714e-21)
(1.98370123 0.3144236432 6.721288548e-21)
(1.957729279 0.2625136464 0)
(1.895639551 0.2121141976 0)
(1.794529708 0.3147783338 0)
(2.123916464 0.9273276686 0)
(2.049386556 0.8026239206 -8.296168721e-21)
(1.987278891 0.6928467169 5.690858686e-21)
(1.935582586 0.5908726326 0)
(1.893289702 0.4886154051 6.467131229e-21)
(1.861389163 0.3768650474 1.251414071e-20)
(1.844688864 0.2489214819 -5.951720399e-21)
(1.853908427 0.115894536 0)
(1.904555135 0.05364137241 -5.83207168e-21)
(1.664723834 0.3619045719 0)
(1.936039089 1.026969487 -7.072416037e-21)
(1.878036766 0.8973989966 -6.137297258e-21)
(1.826638404 0.7903572799 6.730054212e-21)
(1.777884763 0.7057316819 -1.714152013e-21)
(1.726487531 0.6467230015 6.206778784e-21)
(1.665892108 0.619098858 9.6924348e-21)
(1.591234326 0.6262109993 -2.63432905e-21)
(1.510932001 0.6519034376 0)
(1.480995465 0.6128940724 -2.853591869e-21)
(1.664723834 0.3619045719 0)
(1.738625145 1.09497221 -1.476286825e-23)
(1.703349879 0.9560993501 -1.02567506e-21)
(1.675394493 0.8371991981 -7.849973294e-21)
(1.656154492 0.7344498647 0)
(1.647987799 0.6454033012 5.135591248e-21)
(1.652924456 0.5686700841 6.037430582e-21)
(1.667584307 0.5035546139 0)
(1.668137874 0.4493876217 2.028702202e-21)
(1.571393248 0.4043462794 -9.373867495e-29)
(1.540003171 0.4288408673 0)
(1.532693613 1.133172115 1.569129017e-23)
(1.516282499 0.9895846146 0)
(1.502695557 0.8622265395 -6.735700099e-23)
(1.494065546 0.7439979906 -4.61724743e-21)
(1.493840794 0.6273293446 -6.485088612e-21)
(1.507608208 0.5050741848 -2.278239303e-21)
(1.543634623 0.3759535654 0)
(1.612340266 0.2617975953 1.053082112e-20)
(1.722861462 0.2529285457 4.995251712e-21)
(1.332840089 0.6247852324 0)
(1.326562366 1.146273533 -5.541956744e-21)
(1.324794911 1.008590219 0)
(1.318248629 0.8908519642 5.356521812e-21)
(1.305021209 0.7908483579 -4.135033561e-21)
(1.281964518 0.7078356835 1.112688719e-22)
(1.24610555 0.6417920872 4.622620354e-21)
(1.20028896 0.5898491202 0)
(1.169934039 0.5344239598 4.190120955e-21)
(1.246321008 0.4096389604 4.112342098e-21)
(1.332840089 0.6247852324 0)
(1.12849078 1.130039817 5.394533129e-21)
(1.147988074 0.9954732205 0)
(1.16282247 0.8794020044 -4.824344972e-21)
(1.174382804 0.7783965782 4.526537912e-21)
(1.183778205 0.6889613649 1.062982927e-21)
(1.19115938 0.6058020933 -4.181807278e-21)
(1.19258851 0.5185102486 0)
(1.169828411 0.4061121351 -3.620397931e-21)
(1.061485371 0.2304622763 -2.929461715e-21)
(0.7652581457 0.05808381991 0)
(0.9371762807 1.084914512 1.711040696e-23)
(0.9759618152 0.9544635055 0)
(1.008332636 0.8388635799 3.620905601e-21)
(1.036872143 0.7336340726 4.880059468e-21)
(1.063268314 0.6347978472 2.015161798e-21)
(1.087079736 0.5396271001 3.259896068e-21)
(1.102637329 0.4490012924 0)
(1.09333656 0.3726828295 -8.676537131e-21)
(1.023942606 0.3389068431 -1.118056867e-20)
(1.321009755 0.3173513195 0)
(0.7561663142 1.018092321 -1.678880481e-23)
(0.8066001238 0.8991474326 1.159580991e-21)
(0.8458470025 0.794155892 5.637293704e-21)
(0.8751288524 0.6999237057 0)
(0.8953040481 0.6138181417 0)
(0.9079433025 0.5345217946 0)
(0.9175919422 0.4643777986 0)
(0.9358015215 0.4157547671 -4.411466683e-21)
(0.9864132581 0.4270583095 -5.528713885e-29)
(0.9536230238 0.4977658222 0)
(0.5933545681 0.93432905 3.335074974e-21)
(0.6541603516 0.8311874379 2.399959718e-21)
(0.7008020476 0.7439203692 -3.323741651e-21)
(0.7328722876 0.6722700638 2.107029763e-21)
(0.7485552246 0.6175631409 -3.015741351e-21)
(0.7449361329 0.5824336329 -2.904123909e-21)
(0.7202741125 0.5687538081 2.824891991e-21)
(0.6817930366 0.5705450016 0)
(0.6677566542 0.5543546764 -1.524297692e-21)
(0.9536230238 0.4977658222 0)
(0.4521582853 0.8314672862 0)
(0.52858628 0.7412127233 3.050668846e-21)
(0.5936853571 0.6645145914 -2.919262952e-21)
(0.6515575489 0.5994330948 0)
(0.7072754967 0.5442429001 -2.730903087e-21)
(0.76689016 0.4967116851 -5.22826716e-21)
(0.8352765486 0.4531563054 2.652815156e-21)
(0.9074358512 0.407715352 0)
(0.9425269793 0.3537679128 -7.075287596e-21)
(0.9694789555 0.3141005356 0)
(0.3297026214 0.7105945092 -2.634947551e-21)
(0.4173408631 0.6339279057 2.479660768e-21)
(0.4917266635 0.5677710604 1.794479594e-21)
(0.556141804 0.5093869652 6.905529808e-21)
(0.6135434769 0.4560740951 2.830893497e-21)
(0.6665208136 0.4052853081 -2.132833245e-21)
(0.717425092 0.355599581 -1.896987326e-21)
(0.7702129033 0.3094542765 0)
(0.8388773332 0.2790932892 0)
(0.7878580729 0.3464256137 0)
(0.2283289395 0.5754850511 -1.878142566e-21)
(0.3237752533 0.5151205364 8.34739129e-22)
(0.4026497802 0.4640915584 -1.772393912e-21)
(0.4665603672 0.4205300655 -4.257737953e-22)
(0.5161748231 0.3828678523 -2.662186141e-21)
(0.5514778991 0.3498866826 0)
(0.5724656839 0.3210254239 -1.633807765e-21)
(0.5803005006 0.2971717226 3.95704065e-21)
(0.5777723774 0.2824290162 6.937263584e-22)
(0.7878580729 0.3464256137 0)
(0.1516516761 0.4268167379 -5.325221662e-22)
(0.2569061083 0.3838111952 3.032131862e-29)
(0.3446759706 0.349471794 -6.760820909e-22)
(0.4169263675 0.3230453758 1.17192841e-21)
(0.4744920176 0.3044141799 -6.350938452e-22)
(0.5171070279 0.2937888248 0)
(0.5438577314 0.2907582984 3.230133086e-21)
(0.5551914258 0.2916265903 6.999470247e-22)
(0.559640408 0.282817909 6.567227477e-23)
(0.6278176563 0.2663623648 0)
(0.1005973688 0.2635647582 -3.551703574e-22)
(0.2169162635 0.2374341775 -3.176463553e-22)
(0.3170550995 0.2171278991 3.285696603e-22)
(0.4056088925 0.2018702007 1.284339452e-21)
(0.4871047998 0.1911555698 1.113880259e-21)
(0.5662596623 0.1845894452 3.857012061e-21)
(0.6471250724 0.1818369221 2.104933951e-21)
(0.7290142525 0.182840139 0)
(0.7940975339 0.1886619852 -3.140309782e-22)
(0.8298659299 0.02350218426 0)
(0.07435436571 0.08914933245 1.701722048e-22)
(0.1959802191 0.08026975854 1.632044048e-22)
(0.3003516116 0.07326728782 -8.182909425e-23)
(0.3913152091 0.06765295934 3.289515763e-22)
(0.4715398232 0.06291785194 7.940190817e-22)
(0.5427704644 0.05862565745 5.430163751e-22)
(0.6064866375 0.0550750645 0)
(0.666074439 0.05552136886 0)
(0.7330883891 0.07224422753 1.345861466e-21)
(0.7766649459 -1.453951028e-11 0)
(0.0743543657 -0.08914933256 -9.730119571e-24)
(0.1959802191 -0.08026975862 -1.632044048e-22)
(0.3003516115 -0.07326728788 -8.18290943e-23)
(0.3913152091 -0.0676529594 -3.289515763e-22)
(0.4715398232 -0.06291785202 -7.940190817e-22)
(0.5427704644 -0.05862565751 -3.718645422e-22)
(0.6064866376 -0.05507506454 0)
(0.6660744391 -0.0555213689 0)
(0.7330883891 -0.07224422756 1.09723775e-22)
(0.7766649459 -1.453951028e-11 0)
(0.1005973688 -0.2635647583 -1.216556816e-22)
(0.2169162635 -0.2374341776 3.176463552e-22)
(0.3170550995 -0.2171278991 -1.632052556e-21)
(0.4056088925 -0.2018702007 -1.284339452e-21)
(0.4871047999 -0.1911555699 -2.011742301e-21)
(0.5662596623 -0.1845894453 -1.638250756e-21)
(0.6471250724 -0.1818369221 0)
(0.7290142526 -0.1828401391 2.380062585e-21)
(0.794097534 -0.1886619852 2.282695412e-21)
(0.8298659299 -0.02350218429 0)
(0.1516516761 -0.4268167379 -9.761636675e-22)
(0.2569061083 -0.3838111953 -3.032131863e-29)
(0.3446759705 -0.349471794 -6.760820507e-22)
(0.4169263675 -0.3230453759 -1.17192841e-21)
(0.4744920176 -0.3044141801 -6.350938454e-22)
(0.5171070279 -0.2937888248 0)
(0.5438577314 -0.2907582985 -3.230133086e-21)
(0.5551914259 -0.2916265903 6.999469757e-22)
(0.5596404081 -0.2828179091 3.411195042e-21)
(0.6278176564 -0.2663623649 0)
(0.2283289395 -0.5754850512 -2.308750304e-21)
(0.3237752533 -0.5151205364 3.162990725e-21)
(0.4026497802 -0.4640915584 1.772393912e-21)
(0.4665603672 -0.4205300656 4.11289423e-21)
(0.5161748231 -0.3828678524 2.662186141e-21)
(0.5514778991 -0.3498866827 0)
(0.5724656839 -0.321025424 -1.633807766e-21)
(0.5803005006 -0.2971717226 -2.519018252e-21)
(0.5777723774 -0.2824290162 6.937263346e-22)
(0.7878580729 -0.3464256137 0)
(0.3297026215 -0.7105945092 -2.634947551e-21)
(0.4173408631 -0.6339279057 2.479660768e-21)
(0.4917266635 -0.5677710605 -1.794479594e-21)
(0.556141804 -0.5093869653 -2.458179558e-21)
(0.613543477 -0.4560740952 -2.830893498e-21)
(0.6665208137 -0.4052853082 -2.132833245e-21)
(0.717425092 -0.3555995811 -1.896987326e-21)
(0.7702129033 -0.3094542766 0)
(0.8388773332 -0.2790932892 0)
(0.7878580729 -0.3464256137 0)
(0.4521582854 -0.8314672864 0)
(0.52858628 -0.7412127231 1.90062781e-21)
(0.5936853573 -0.6645145915 -4.687500496e-21)
(0.6515575491 -0.599433095 0)
(0.7072754968 -0.5442429001 -2.730903087e-21)
(0.76689016 -0.4967116851 -5.22826716e-21)
(0.8352765487 -0.4531563055 2.652815156e-21)
(0.9074358513 -0.4077153521 0)
(0.9425269794 -0.3537679129 2.517747163e-21)
(0.9694789556 -0.3141005356 0)
(0.5933545681 -0.9343290502 4.164035576e-21)
(0.6541603515 -0.8311874379 4.630928816e-21)
(0.7008020476 -0.7439203693 -3.323741545e-21)
(0.7328722876 -0.672270064 -2.107029762e-21)
(0.7485552244 -0.6175631409 -3.015741351e-21)
(0.7449361329 -0.5824336331 2.047486228e-21)
(0.7202741125 -0.5687538083 7.575473958e-21)
(0.6817930366 -0.5705450018 0)
(0.6677566541 -0.5543546765 6.925581525e-21)
(0.9536230239 -0.4977658223 0)
(0.7561663142 -1.018092321 -1.678880481e-23)
(0.8066001238 -0.8991474327 -1.159580991e-21)
(0.8458470025 -0.7941558921 2.085356429e-21)
(0.8751288525 -0.6999237058 0)
(0.8953040482 -0.6138181416 5.467076065e-21)
(0.9079433026 -0.5345217946 6.206554078e-21)
(0.9175919423 -0.4643777987 0)
(0.9358015216 -0.4157547672 1.041796705e-20)
(0.9864132582 -0.4270583095 5.528713885e-29)
(0.9536230239 -0.4977658223 0)
(0.9371762807 -1.084914512 1.711040695e-23)
(0.9759618152 -0.9544635055 0)
(1.008332636 -0.83886358 -7.250124238e-23)
(1.036872143 -0.7336340727 -4.880059427e-21)
(1.063268314 -0.6347978472 -1.59556151e-20)
(1.087079737 -0.5396271002 -1.082449306e-20)
(1.102637329 -0.4490012925 0)
(1.09333656 -0.3726828296 8.342455842e-21)
(1.023942606 -0.3389068431 -3.126243784e-21)
(1.321009755 -0.3173513195 0)
(1.12849078 -1.130039817 5.811980205e-21)
(1.147988074 -0.9954732207 0)
(1.16282247 -0.8794020045 -4.824344973e-21)
(1.174382804 -0.7783965784 -4.526537911e-21)
(1.183778205 -0.6889613651 -9.822609891e-21)
(1.191159381 -0.6058020934 -4.181807279e-21)
(1.19258851 -0.5185102487 0)
(1.169828411 -0.4061121352 -3.620397932e-21)
(1.061485371 -0.2304622765 -2.929461716e-21)
(0.7652581458 -0.05808382001 0)
(1.326562366 -1.146273533 -5.939974553e-21)
(1.324794911 -1.008590219 0)
(1.318248629 -0.8908519641 5.356521811e-21)
(1.305021209 -0.7908483582 4.135033559e-21)
(1.281964518 -0.7078356837 9.609389459e-21)
(1.24610555 -0.6417920873 4.622620354e-21)
(1.20028896 -0.5898491203 0)
(1.16993404 -0.5344239599 4.190120956e-21)
(1.246321008 -0.4096389605 4.112342099e-21)
(1.332840089 -0.6247852324 0)
(1.532693613 -1.133172115 1.569129019e-23)
(1.516282499 -0.9895846145 0)
(1.502695557 -0.862226539 3.363988782e-21)
(1.494065546 -0.7439979904 4.617247379e-21)
(1.493840794 -0.6273293446 1.108611994e-20)
(1.507608209 -0.5050741849 1.226925531e-20)
(1.543634623 -0.3759535654 0)
(1.612340266 -0.2617975953 -1.095253748e-20)
(1.722861462 -0.2529285457 -6.768125729e-21)
(1.332840089 -0.6247852324 0)
(1.738625145 -1.09497221 -1.476286825e-23)
(1.703349879 -0.9560993502 1.025675059e-21)
(1.675394493 -0.8371991982 -4.669281828e-21)
(1.656154492 -0.7344498647 0)
(1.647987799 -0.6454033013 0)
(1.652924456 -0.5686700842 0)
(1.667584307 -0.5035546138 0)
(1.668137874 -0.4493876217 -1.296352696e-20)
(1.571393249 -0.4043462794 9.373867496e-29)
(1.540003171 -0.4288408673 0)
(1.93603909 -1.026969487 -7.749540909e-21)
(1.878036766 -0.8973989967 -7.962437789e-21)
(1.826638404 -0.7903572799 6.730054424e-21)
(1.777884763 -0.7057316818 1.714152013e-21)
(1.726487532 -0.6467230015 6.206778785e-21)
(1.665892108 -0.6190988581 5.981359544e-21)
(1.591234326 -0.6262109992 -5.76691883e-21)
(1.510932001 -0.6519034378 0)
(1.480995465 -0.6128940725 -7.973689518e-21)
(1.664723834 -0.3619045719 0)
(2.123916464 -0.9273276686 0)
(2.049386556 -0.8026239206 -7.421365328e-21)
(1.987278891 -0.6928467169 7.065014701e-21)
(1.935582586 -0.5908726327 0)
(1.893289702 -0.4886154051 6.467131229e-21)
(1.861389163 -0.3768650474 1.251414071e-20)
(1.844688864 -0.2489214817 -5.951720398e-21)
(1.853908427 -0.115894536 0)
(1.904555136 -0.05364137242 -1.597812488e-20)
(1.664723834 -0.3619045719 0)
(2.29351275 -0.8036929867 8.231855941e-21)
(2.202646104 -0.6963028619 -7.826619495e-21)
(2.12993925 -0.6036990257 1.157542421e-21)
(2.073468446 -0.5214119017 -4.130797039e-21)
(2.032037772 -0.4461981678 1.929227337e-21)
(2.003851613 -0.3766912383 6.760918715e-21)
(1.983701229 -0.3144236431 6.721288547e-21)
(1.957729279 -0.2625136464 0)
(1.895639551 -0.2121141977 0)
(1.794529708 -0.3147783338 0)
(2.432950678 -0.6558072536 8.625320204e-21)
(2.324454529 -0.5739293846 -8.623407928e-21)
(2.235654708 -0.5076585337 -8.012828435e-22)
(2.163302805 -0.4557878918 -8.454521785e-21)
(2.105392386 -0.4173095738 -1.1509274e-21)
(2.06042331 -0.3898240219 0)
(2.025382646 -0.3670275761 6.910674582e-21)
(1.989899504 -0.3370869506 -1.949491897e-21)
(1.920423619 -0.2900749929 -3.278151096e-21)
(1.833842822 -0.34181604 0)
(2.539313293 -0.4836821419 4.44815758e-21)
(2.416052211 -0.4235979771 -1.743170021e-28)
(2.310879783 -0.3763436876 3.966320222e-21)
(2.217763932 -0.3434085648 3.247667579e-22)
(2.130918147 -0.3289908326 3.652657661e-21)
(2.04538375 -0.3403808581 0)
(1.959974467 -0.3857322028 2.745530553e-23)
(1.88620325 -0.4626270736 -3.290020844e-21)
(1.871508914 -0.519503307 -1.92086195e-23)
(2.025772586 -0.2857674093 0)
(2.617070683 -0.2933043631 2.199563428e-21)
(2.487313316 -0.2479158213 -7.818938486e-23)
(2.379053925 -0.2039698107 6.318318728e-21)
(2.287465217 -0.155354894 3.882279508e-22)
(2.208873982 -0.09379912008 4.28480993e-21)
(2.141051465 -0.008653888319 -1.614884291e-22)
(2.0838813 0.1092650376 1.197507216e-21)
(2.039858792 0.2509170095 0)
(2.012082897 0.3360213754 1.600870769e-21)
(2.025772586 -0.2857674093 0)
(2.661058948 -0.0982110736 -2.24553138e-21)
(2.529608598 -0.08129416578 1.531468002e-23)
(2.424208747 -0.06481409656 2.05136216e-21)
(2.341235767 -0.04746312489 3.768450136e-23)
(2.278545867 -0.02893111957 1.025698388e-22)
(2.234442195 -0.01045799317 -1.822053198e-21)
(2.20579502 0.006317522729 0)
(2.184517452 0.02907135519 0)
(2.151529657 0.1133204877 -1.474347448e-21)
(2.058384755 0.05588282406 0)
(2.661060528 0.09821239164 2.26163468e-21)
(2.529609946 0.0812975809 1.531183437e-23)
(2.424209853 0.06481917086 -2.05136343e-21)
(2.341236627 0.04746945692 3.767917066e-23)
(2.278546486 0.02893834833 1.025576434e-22)
(2.234442583 0.01046579983 1.952954602e-21)
(2.205795194 -0.006309412794 0)
(2.184517457 -0.02906315874 0)
(2.151529654 -0.1133122906 1.80926816e-21)
(2.058383851 -0.05587386892 0)
(2.617075497 0.2933062855 -2.254901427e-21)
(2.487317418 0.2479199338 -7.818328294e-23)
(2.379057287 0.2039756539 -5.796088452e-21)
(2.287467836 0.1553620539 3.882049034e-22)
(2.20887588 0.09380723457 -3.156753655e-21)
(2.141052693 0.008662659239 2.632016892e-21)
(2.083881931 -0.1092558366 0)
(2.039858866 -0.2509075939 -1.656553377e-21)
(2.012082198 -0.3360123081 -3.5327111e-21)
(2.025770013 0.2857790947 0)
(2.539321543 0.4836853203 -4.305828045e-21)
(2.416059223 0.4236035057 -1.743175676e-28)
(2.310885521 0.3763510603 -3.966331546e-21)
(2.217768379 0.3434173083 3.247406429e-22)
(2.130921306 0.3290004756 -3.652665502e-21)
(2.045385661 0.340390907 0)
(1.959975277 0.3857421853 2.739003241e-23)
(1.886203366 0.4626368472 3.290024659e-21)
(1.87150933 0.5195142092 9.978274102e-22)
(2.025770013 0.2857790947 0)
(2.432962647 0.6558124311 -8.427394721e-21)
(2.324464686 0.5739371248 7.558663772e-21)
(2.235663042 0.5076683335 -8.012342587e-22)
(2.163309298 0.4557993446 6.441627004e-21)
(2.105396996 0.4173223567 -1.150852511e-21)
(2.060425953 0.3898378539 0)
(2.025383192 0.3670420335 -6.910691477e-21)
(1.989897813 0.3371008049 4.872792739e-21)
(1.920419783 0.2900842149 3.278148317e-21)
(1.833833869 0.3418350639 0)
(2.293528712 0.803700976 -8.231915737e-21)
(2.202659641 0.6963135403 7.826674295e-21)
(2.129950424 0.6037118117 1.157487342e-21)
(2.073477298 0.5214262593 1.032362663e-20)
(2.032044315 0.4462135501 1.929144891e-21)
(2.003855806 0.3767070593 -6.760952355e-21)
(1.983702876 0.3144393748 -6.721310323e-21)
(1.957727644 0.2625292949 0)
(1.895632221 0.2121317733 0)
(1.79451988 0.3147987462 0)
(2.123936623 0.9273394538 0)
(2.049403611 0.8026385756 8.296200952e-21)
(1.987292981 0.6928637402 -5.690992192e-21)
(1.935593758 0.5908916767 0)
(1.893297893 0.4886362514 -6.467188022e-21)
(1.861394195 0.3768875853 -1.251423554e-20)
(1.844690559 0.2489457113 5.951762786e-21)
(1.853907057 0.1159206913 0)
(1.904552667 0.05367044311 5.832108944e-21)
(1.664711591 0.3619367858 0)
(1.936063554 1.026986068 7.072533097e-21)
(1.878057483 0.8974184452 6.137436106e-21)
(1.826655714 0.7903791321 -6.730140081e-21)
(1.777898953 0.7057557152 1.714056906e-21)
(1.726498799 0.6467492726 -6.206853208e-21)
(1.665900487 0.6191276936 -9.692218973e-21)
(1.591239591 0.6262427609 2.634734501e-21)
(1.510933613 0.6519376314 0)
(1.480992794 0.6129268028 2.85403886e-21)
(1.664711591 0.3619367858 0)
(1.738653786 1.094994648 1.4762138e-23)
(1.703374049 0.9561243905 1.025624967e-21)
(1.675414754 0.8372261428 7.850006956e-21)
(1.656171488 0.7344780864 0)
(1.6480023 0.6454322532 -5.135374183e-21)
(1.652937332 0.5686993804 -6.037197407e-21)
(1.667596253 0.5035842557 0)
(1.668148501 0.4494185643 -2.028342789e-21)
(1.5713987 0.4043817475 9.374015878e-29)
(1.540007946 0.4288929029 0)
(1.532726183 1.13320184 -1.569044432e-23)
(1.516309528 0.989616904 0)
(1.502717567 0.8622606675 6.735349595e-23)
(1.494083044 0.7440332672 4.617018793e-21)
(1.493854391 0.6273651108 6.484441729e-21)
(1.507618809 0.50510996 2.277841457e-21)
(1.543643716 0.3759895259 0)
(1.612350425 0.2618357685 -1.053050638e-20)
(1.722877253 0.2529754673 -4.995395644e-21)
(1.332815551 0.6248783293 0)
(1.326598683 1.146311989 5.542159231e-21)
(1.324824728 1.008631227 0)
(1.318272413 0.8908950906 -5.356677985e-21)
(1.305039185 0.7908932124 4.134752547e-21)
(1.281976816 0.7078817683 -1.11747457e-22)
(1.246112511 0.6418385895 -4.622740613e-21)
(1.200291799 0.5898945277 0)
(1.169936255 0.5344652224 -4.190217459e-21)
(1.246331276 0.409669481 -4.112435708e-21)
(1.332815551 0.6248783293 0)
(1.128530284 1.130087728 -5.394743489e-21)
(1.148020935 0.9955231098 0)
(1.162849286 0.8794538564 4.824537567e-21)
(1.174403745 0.7784503417 -4.526251721e-21)
(1.183793042 0.6890167153 -1.062446146e-21)
(1.191167471 0.6058580118 4.181969147e-21)
(1.19258872 0.5185642814 0)
(1.169818871 0.4061592984 3.620498448e-21)
(1.061462641 0.2304941066 2.929493707e-21)
(0.7651941528 0.05812934155 0)
(0.9372175447 1.084971558 -1.710963252e-23)
(0.9759971809 0.9545214392 0)
(1.008362857 0.8389229128 -3.620732879e-21)
(1.036897454 0.7336953394 -4.879814803e-21)
(1.063288299 0.6348616802 -2.014630491e-21)
(1.087092906 0.5396943537 -3.259269704e-21)
(1.102640257 0.4490730314 0)
(1.093322588 0.3727594481 8.675730036e-21)
(1.023900762 0.338984078 1.117958221e-20)
(1.321057013 0.3174394465 0)
(0.7562072777 1.018157236 1.67882714e-23)
(0.806636539 0.899212007 -1.159543061e-21)
(0.8458797179 0.7942210504 -5.637476485e-21)
(0.8751584504 0.699990119 0)
(0.8953310974 0.6138862421 0)
(0.9079685916 0.5345920305 0)
(0.9176163897 0.4644517037 0)
(0.935824631 0.4158383805 4.410822324e-21)
(0.9864267881 0.427171701 5.529337082e-29)
(0.9536707385 0.4978689144 0)
(0.5933931137 0.9343997817 -3.335353847e-21)
(0.6541960735 0.8312570672 -2.400244212e-21)
(0.7008352745 0.7439908398 3.3240055e-21)
(0.732902623 0.6723433541 -2.106966448e-21)
(0.7485815289 0.6176414657 3.016018263e-21)
(0.744956701 0.5825195637 2.904414958e-21)
(0.7202878421 0.5688500425 -2.825203627e-21)
(0.6818036927 0.5706530628 0)
(0.6677854309 0.5544707593 1.523474556e-21)
(0.9536707385 0.4978689144 0)
(0.4521928529 0.8315400408 0)
(0.5286214949 0.7412831711 -3.050935684e-21)
(0.593721907 0.6645850073 2.919531747e-21)
(0.6515961217 0.5995055107 0)
(0.7073169331 0.5443192371 2.731197273e-21)
(0.766935451 0.4967936479 5.228899544e-21)
(0.8353263183 0.4532447106 -2.653158592e-21)
(0.9074883101 0.4078081096 0)
(0.9425717801 0.353854986 7.075013172e-21)
(0.9695881353 0.3142136996 0)
(0.3297314697 0.7106644811 2.635203226e-21)
(0.4173738326 0.6339945527 -2.479910044e-21)
(0.4917641601 0.5678364257 -1.79456467e-21)
(0.5561845669 0.5094524816 -6.906022098e-21)
(0.6135927265 0.4561407003 -2.831050384e-21)
(0.6665782577 0.4053536645 2.133121697e-21)
(0.7174923938 0.3556708073 1.897287303e-21)
(0.7702896928 0.3095321457 0)
(0.8389558275 0.2791900326 0)
(0.7879652787 0.346531855 0)
(0.2283511391 0.5755476073 1.878352524e-21)
(0.3238042868 0.5151797802 -8.348800463e-22)
(0.4026848885 0.4641496262 1.772516076e-21)
(0.4666006596 0.4205886227 4.25697994e-22)
(0.5162191726 0.382928271 2.66236425e-21)
(0.5515250283 0.3499502651 0)
(0.5725149459 0.3210938098 1.634079702e-21)
(0.5803546037 0.2972477181 -3.957400301e-21)
(0.5778448819 0.2825182631 -6.939020446e-22)
(0.7879652787 0.346531855 0)
(0.1516680067 0.4268669732 5.325894864e-22)
(0.2569328296 0.3838587043 -3.032500143e-29)
(0.3447119642 0.3495187093 6.761701287e-22)
(0.4169707012 0.323093522 -1.172043908e-21)
(0.4745438241 0.3044652116 6.351929611e-22)
(0.5171654482 0.2938441513 0)
(0.5439219896 0.2908184725 -3.230480601e-21)
(0.5552611755 0.2916893441 -7.000779806e-22)
(0.559716607 0.2828729982 -6.568078622e-23)
(0.6279253861 0.2664360316 0)
(0.1006093616 0.2635974739 3.552135144e-22)
(0.2169423139 0.2374649597 3.176840512e-22)
(0.3170941786 0.2171581765 -3.285999092e-22)
(0.4056608041 0.2019010631 -1.284501825e-21)
(0.4871701348 0.1911878128 -1.114015984e-21)
(0.5663396922 0.1846235515 -3.857557561e-21)
(0.6472211238 0.1818730507 -2.105242742e-21)
(0.7291254215 0.1828783261 0)
(0.7942141129 0.1887030746 3.140881797e-22)
(0.8300842306 0.02352102715 0)
(0.07436382936 0.08916067915 -1.701938639e-22)
(0.1960054784 0.08028037479 -1.632254307e-22)
(0.30039116 0.07327762589 8.184045223e-23)
(0.391368155 0.06766329415 -3.28996045e-22)
(0.4716055847 0.06292828712 -7.941297061e-22)
(0.5428485695 0.05863619476 -5.430962199e-22)
(0.6065768163 0.05508595996 0)
(0.6661775942 0.05553433624 0)
(0.7332098916 0.07226577857 -1.346091981e-21)
(0.7768809944 -3.016420528e-11 0)
(0.07436382937 -0.08916067931 9.731357989e-24)
(0.1960054784 -0.08028037494 1.632254307e-22)
(0.30039116 -0.07327762603 8.184045234e-23)
(0.391368155 -0.06766329429 3.28996045e-22)
(0.4716055847 -0.06292828723 7.941297062e-22)
(0.5428485695 -0.05863619488 3.719162097e-22)
(0.6065768163 -0.05508596005 0)
(0.6661775942 -0.05553433632 0)
(0.7332098916 -0.07226577866 -1.097500479e-22)
(0.7768809944 -3.016420528e-11 0)
(0.1006093616 -0.263597474 1.216715156e-22)
(0.2169423139 -0.2374649598 -3.176840512e-22)
(0.3170941786 -0.2171581766 1.632261167e-21)
(0.4056608041 -0.2019010632 1.284501825e-21)
(0.4871701348 -0.1911878129 2.012020553e-21)
(0.5663396923 -0.1846235516 1.638472328e-21)
(0.6472211238 -0.1818730508 0)
(0.7291254215 -0.1828783261 -2.380421422e-21)
(0.794214113 -0.1887030747 -2.283014094e-21)
(0.8300842306 -0.02352102721 0)
(0.1516680067 -0.4268669734 9.762731116e-22)
(0.2569328296 -0.3838587044 3.032500144e-29)
(0.3447119642 -0.3495187094 6.761700886e-22)
(0.4169707012 -0.3230935221 1.172043908e-21)
(0.4745438242 -0.3044652118 6.351929614e-22)
(0.5171654483 -0.2938441515 0)
(0.5439219897 -0.2908184726 3.230480602e-21)
(0.5552611755 -0.2916893442 -7.000779316e-22)
(0.5597166071 -0.2828729983 -3.41163715e-21)
(0.6279253861 -0.2664360317 0)
(0.2283511391 -0.5755476075 2.308989982e-21)
(0.3238042868 -0.5151797803 -3.163292407e-21)
(0.4026848886 -0.4641496263 -1.772516076e-21)
(0.4666006596 -0.4205886229 -4.113280179e-21)
(0.5162191727 -0.3829282711 -2.66236425e-21)
(0.5515250284 -0.3499502653 0)
(0.572514946 -0.3210938098 1.634079702e-21)
(0.5803546038 -0.2972477182 2.519084742e-21)
(0.5778448819 -0.2825182632 -6.939020209e-22)
(0.7879652788 -0.3465318551 0)
(0.3297314698 -0.7106644813 2.635203226e-21)
(0.4173738327 -0.6339945529 -2.479910045e-21)
(0.4917641602 -0.5678364259 1.79456467e-21)
(0.556184567 -0.5094524817 2.458160075e-21)
(0.6135927266 -0.4561407004 2.831050384e-21)
(0.6665782577 -0.4053536646 2.133121697e-21)
(0.7174923937 -0.3556708073 1.897287303e-21)
(0.7702896926 -0.3095321457 0)
(0.8389558272 -0.2791900326 0)
(0.7879652788 -0.3465318551 0)
(0.452192853 -0.8315400409 0)
(0.5286214949 -0.7412831712 -1.9008778e-21)
(0.5937219071 -0.6645850075 4.687794445e-21)
(0.6515961218 -0.5995055108 0)
(0.7073169332 -0.5443192372 2.731197273e-21)
(0.7669354509 -0.4967936479 5.228899544e-21)
(0.835326318 -0.4532447106 -2.653158592e-21)
(0.90748831 -0.4078081096 0)
(0.9425717801 -0.3538549859 -2.518078934e-21)
(0.9695881354 -0.3142136996 0)
(0.5933931138 -0.9343997818 -4.164301845e-21)
(0.6541960736 -0.8312570673 -4.631174617e-21)
(0.7008352746 -0.7439908399 3.324005395e-21)
(0.7329026232 -0.6723433542 2.106966449e-21)
(0.7485815291 -0.6176414657 3.016018263e-21)
(0.744956701 -0.5825195635 -2.046869352e-21)
(0.7202878422 -0.5688500424 -7.575310672e-21)
(0.6818036928 -0.5706530628 0)
(0.667785431 -0.5544707593 -6.925547792e-21)
(0.9536707385 -0.4978689144 0)
(0.7562072778 -1.018157237 1.67882714e-23)
(0.8066365391 -0.8992120071 1.159543061e-21)
(0.845879718 -0.7942210506 -2.08566116e-21)
(0.8751584503 -0.6999901192 0)
(0.8953310971 -0.6138862422 -5.466868112e-21)
(0.9079685913 -0.5345920305 -6.206310211e-21)
(0.9176163897 -0.4644517039 0)
(0.9358246312 -0.4158383806 -1.041787312e-20)
(0.9864267881 -0.4271717008 -5.529337082e-29)
(0.9536707385 -0.4978689144 0)
(0.9372175448 -1.084971558 -1.710963252e-23)
(0.9759971809 -0.9545214393 0)
(1.008362857 -0.8389229129 7.2497784e-23)
(1.036897454 -0.7336953395 4.879814762e-21)
(1.063288299 -0.63486168 1.595517779e-20)
(1.087092906 -0.5396943536 1.082427118e-20)
(1.102640258 -0.4490730315 0)
(1.093322588 -0.3727594483 -8.341679823e-21)
(1.023900762 -0.3389840779 3.126350693e-21)
(1.321057013 -0.3174394466 0)
(1.128530284 -1.130087728 -5.812166763e-21)
(1.148020935 -0.9955231099 0)
(1.162849286 -0.8794538565 4.824537567e-21)
(1.174403745 -0.7784503418 4.526251719e-21)
(1.183793042 -0.6890167154 9.82242361e-21)
(1.191167471 -0.605858012 4.181969148e-21)
(1.19258872 -0.5185642816 0)
(1.169818871 -0.4061592985 3.620498449e-21)
(1.061462641 -0.2304941066 2.929493708e-21)
(0.765194153 -0.0581293417 0)
(1.326598683 -1.146311989 5.940152736e-21)
(1.324824728 -1.008631227 0)
(1.318272413 -0.8908950906 -5.356677986e-21)
(1.305039185 -0.7908932121 -4.134752549e-21)
(1.281976816 -0.7078817681 -9.609177055e-21)
(1.246112511 -0.6418385896 -4.622740613e-21)
(1.200291799 -0.5898945278 0)
(1.169936255 -0.5344652225 -4.190217459e-21)
(1.246331276 -0.4096694812 -4.112435709e-21)
(1.332815551 -0.6248783294 0)
(1.532726183 -1.13320184 -1.56904443e-23)
(1.516309528 -0.9896169042 0)
(1.502717567 -0.8622606676 -3.363813725e-21)
(1.494083043 -0.7440332671 -4.617018738e-21)
(1.493854391 -0.6273651108 -1.108596709e-20)
(1.507618809 -0.5051099601 -1.226906952e-20)
(1.543643716 -0.375989526 0)
(1.612350425 -0.2618357685 1.095221013e-20)
(1.722877253 -0.2529754673 6.767614905e-21)
(1.332815551 -0.6248783294 0)
(1.738653786 -1.094994648 1.476213801e-23)
(1.703374049 -0.9561243906 -1.025624968e-21)
(1.675414754 -0.837226143 4.669466561e-21)
(1.656171487 -0.7344780862 0)
(1.6480023 -0.6454322533 0)
(1.652937332 -0.5686993805 0)
(1.667596253 -0.5035842558 0)
(1.668148501 -0.4494185643 1.296334905e-20)
(1.5713987 -0.4043817476 -9.374015879e-29)
(1.540007946 -0.4288929029 0)
(1.936063554 -1.026986068 7.749623909e-21)
(1.878057483 -0.8974184454 7.96248385e-21)
(1.826655714 -0.7903791323 -6.730140293e-21)
(1.777898953 -0.7057557151 -1.714056906e-21)
(1.726498799 -0.6467492727 -6.206853209e-21)
(1.665900487 -0.6191276937 -5.981429195e-21)
(1.591239591 -0.6262427609 5.76698358e-21)
(1.510933614 -0.6519376315 0)
(1.480992794 -0.6129268028 7.973327094e-21)
(1.664711591 -0.3619367858 0)
(2.123936623 -0.9273394537 0)
(2.049403611 -0.8026385757 7.421439358e-21)
(1.987292981 -0.6928637403 -7.065083419e-21)
(1.935593758 -0.5908916765 0)
(1.893297893 -0.4886362513 -6.467188023e-21)
(1.861394195 -0.3768875853 -1.251423554e-20)
(1.844690559 -0.2489457113 5.951762786e-21)
(1.853907057 -0.1159206913 0)
(1.904552667 -0.05367044311 1.597779034e-20)
(1.664711591 -0.3619367858 0)
(2.293528711 -0.8037009759 -8.231915737e-21)
(2.202659642 -0.6963135403 7.826674296e-21)
(2.129950424 -0.6037118116 -1.157487342e-21)
(2.073477298 -0.5214262592 4.130981628e-21)
(2.032044315 -0.4462135501 -1.929144892e-21)
(2.003855807 -0.3767070593 -6.760952355e-21)
(1.983702876 -0.3144393748 -6.721310323e-21)
(1.957727644 -0.2625292948 0)
(1.895632221 -0.2121317733 0)
(1.79451988 -0.3147987462 0)
(2.432962647 -0.6558124311 -8.625358316e-21)
(2.324464686 -0.5739371248 8.623416959e-21)
(2.235663042 -0.5076683334 8.012342591e-22)
(2.163309298 -0.4557993445 8.454491947e-21)
(2.105396996 -0.4173223567 1.150852511e-21)
(2.060425953 -0.3898378539 0)
(2.025383192 -0.3670420336 -6.910691478e-21)
(1.989897813 -0.3371008049 1.949588056e-21)
(1.920419783 -0.2900842149 3.278148424e-21)
(1.833833869 -0.3418350639 0)
(2.539321543 -0.4836853203 -4.448167118e-21)
(2.416059223 -0.4236035057 1.743175676e-28)
(2.310885521 -0.3763510602 -3.966331776e-21)
(2.217768379 -0.3434173083 -3.247406427e-22)
(2.130921306 -0.3290004756 -3.652665502e-21)
(2.045385661 -0.340390907 0)
(1.959975277 -0.3857421853 -2.739003216e-23)
(1.886203366 -0.4626368471 3.290024901e-21)
(1.87150933 -0.5195142091 1.9210031e-23)
(2.025770013 -0.2857790947 0)
(2.617075497 -0.2933062855 -2.199570075e-21)
(2.487317418 -0.2479199339 7.818328291e-23)
(2.379057286 -0.2039756539 -6.318310806e-21)
(2.287467836 -0.1553620539 -3.882049033e-22)
(2.20887588 -0.09380723459 -4.28478871e-21)
(2.141052693 -0.008662659264 1.615480931e-22)
(2.083881931 0.1092558366 -1.19747651e-21)
(2.039858866 0.2509075939 0)
(2.012082198 0.3360123081 -1.60087199e-21)
(2.025770013 -0.2857790947 0)
(2.661060528 -0.09821239165 2.245534396e-21)
(2.529609946 -0.08129758096 -1.531183431e-23)
(2.424209852 -0.06481917084 -2.05136343e-21)
(2.341236627 -0.04746945684 -3.767917072e-23)
(2.278546486 -0.02893834829 -1.025576435e-22)
(2.234442583 -0.0104657998 1.822060639e-21)
(2.205795194 0.00630941282 0)
(2.184517457 0.02906315876 0)
(2.151529654 0.1133122906 1.474361866e-21)
(2.058383851 0.05587386894 0)
)
;

boundaryField
{
    oversetFaces
    {
        type            overset;
        coupledFringe   yes;
        setHoleCellValue yes;
        holeCellValue   (0 0 0);
        value           nonuniform 0();
    }
    in
    {
        type            fixedValue;
        value           uniform (1 0 0);
    }
    out
    {
        type            zeroGradient;
    }
    top
    {
        type            fixedValue;
        value           uniform (0 0 0);
    }
    bottom
    {
        type            fixedValue;
        value           uniform (0 0 0);
    }
    cylinder
    {
        type            fixedValue;
        value           uniform (0 0 0);
    }
    outerCylinder
    {
        type            zeroGradient;
    }
    frontAndBack
    {
        type            empty;
    }
}


// ************************************************************************* //
